607
4090
6231
5587
7831
3873
1747
587
885
552
3899
6121
5185
1044
4919
806
6352
967
7402
5714
5912
8984
88
8028
9486
8137
5714
4869
7195
2682
5423
8203
9245
5701
1747
2595
4568
6569
4627
9387
4253
5386
6291
4357
7742
4451
5018
4199
2437
4011
1623
2304
6771
5494
4187
4346
6926
4379
4923
4169
6987
3170
2286
430
4386
4977
8773
513
5238
4600
6501
7254
3686
7581
5776
3840
435
7626
1422
8034
3773
6628
2656
430
6842
7049
6058
6818
1079
4410
5754
7218
3814
8440
2457
1060
1036
7913
1811
3465
4802
5978
8806
5912
2604
2390
461
4545
596
4427
5333
741
3366
8107
71
2626
5676
8203
5063
1615
3424
1273
8624
7769
1822
4941
6471
5547
9056
3542
5682
3946
1466
4561
7953
8008
5825
7121
9238
9970
3372
7331
9850
1926
6925
9193
1723
6455
4208
48
262
310
1105
4087
5890
9442
1339
7793
7380
3261
5626
3828
1607
7963
7689
5538
2910
6524
3020
6928
2227
7981
8830
1316
5088
1099
7871
4554
9559
6275
751
7404
3561
5692
4399
789
6317
7712
6340
7497
2861
5583
5031
7372
8977
6256
1767
9062
9815
251
7727
6693
3197
3303
1126
5514
7106
3652
1512
581
5005
3987
4315
6447
8225
2122
6587
2469
6708
5945
4664
7825
7307
8007
9478
8927
4553
4799
981
8643
8809
8652
9174
7704
4872
7562
2249
246
1562
7691
3365
5482
3465
2377
7729
1525
3827
4597
5460
3185
8910
1793
2399
7750
518
3322
8122
4894
9182
8653
4968
8414
5278
2510
406
5298
9728
1205
1226
849
1077
6745
9020
2687
4398
3941
8670
6108
737
6016
7984
3328
5810
2268
4204
160
5990
2894
5611
6850
7101
6462
8028
1616
4924
3041
8419
9364
7708
5146
7290
909
9987
6792
2991
3373
6832
6975
5002
3931
2238
4001
5776
3967
5211
2516
7221
4396
9106
478
8814
2908
799
8103
828
6399
8159
8351
275
2660
5046
1848
9751
3222
126
8978
5007
4213
1657
9183
5096
3379
8881
4383
4875
1954
9034
86
9523
8572
1855
705
5625
2392
9765
4806
5328
1266
2118
4259
1216
4583
7129
2797
66
2130
9714
3489
3487
9720
3494
4519
9151
2534
9647
8384
5525
6891
6452
3833
5973
685
5356
9181
8261
5359
7591
6643
2634
9007
6888
4092
2412
6456
5135
2526
6336
9100
754
1168
4430
6479
4725
7278
7728
8361
6798
9077
2918
6681
2454
5055
1223
2834
8978
1282
7613
7433
8993
7693
7802
7011
3163
8035
748
8693
8250
5588
7614
7300
9711
101
311
4723
7020
1667
927
5231
7363
1612
2924
7117
8809
2305
4437
3258
6184
10000
1461
629
5613
3729
5699
3709
2247
1967
6398
5873
634
5386
3404
6548
5478
9247
8230
1560
3833
2457
4051
6172
1643
9802
9214
7893
6730
2584
9018
4321
6652
4400
1379
3765
5124
2839
9192
8571
8517
8381
9662
6098
8937
6391
8885
9934
5683
5160
6567
3834
1740
8732
8376
7553
1520
2270
2299
3945
9174
3724
9795
7465
2098
998
3679
4355
692
9340
368
9241
3697
9280
6351
714
5681
2445
2292
9243
9420
640
3753
5102
6845
3675
7325
1465
3646
8335
6914
7798
5662
5145
5947
2562
4017
9966
4656
5123
7121
5826
4515
3061
6180
9537
2695
1075
691
43
9485
3831
9834
57
3295
8478
1478
2023
1745
5316
9144
200
6921
2699
4387
8885
4238
9086
2581
846
6363
7945
1916
890
2117
5962
1334
316
1767
7030
9531
7293
4882
2781
8267
9281
1818
3579
9646
8921
8435
3050
4323
9748
1727
9357
4052
981
6893
5207
3432
9268
422
6826
6399
7290
7809
9544
3803
9673
9914
4426
9715
4991
9302
2680
1694
9939
488
8422
257
8855
8672
1587
3179
1162
4708
5658
1955
6696
1228
5669
5350
1482
3645
3541
675
577
9915
6799
5061
6826
1638
326
2984
7024
6917
1021
1434
8886
4370
186
1740
720
6753
1021
7747
2861
1788
5430
6137
6851
7144
1844
4967
535
4317
6264
9820
8075
5920
2737
8370
3504
6365
2497
3274
8567
7395
177
1423
5287
5351
635
6960
2902
4112
1330
3824
2175
4467
9991
7404
8823
5081
4351
2825
2557
1486
1356
6025
2704
1831
1767
281
3738
1694
3612
6174
7668
5167
4877
7822
4643
4026
12
35
5128
7552
4606
401
3835
916
1019
875
7570
3261
5551
2698
2214
2541
5406
6133
773
868
2567
5492
5031
3697
687
5606
1530
7194
6701
7858
2489
3157
9704
4513
2702
5004
8070
5510
7869
1104
7451
8721
7709
6251
7358
9572
8072
2989
5187
5312
2990
275
7762
1958
2321
5945
4715
5433
227
8372
1112
6057
5610
5898
9547
2383
3038
3957
7423
9123
9911
474
3203
8667
3448
1292
9986
8357
5287
1649
8692
2333
6404
5538
4829
6968
7465
5554
8830
1962
2919
3887
901
5103
7676
3295
4015
8047
1191
8864
8266
4981
6051
2336
5694
7875
5193
7771
9976
3875
9522
7155
3772
5483
4777
674
3057
9568
7414
7724
2946
39
2482
5401
1626
7665
6693
9818
5335
3704
1899
965
9409
5580
2717
2327
2089
1158
8948
9332
9159
8093
4658
7237
6597
9428
8488
4298
5134
4213
8520
6109
4068
3960
9530
3017
2972
676
6415
2184
8900
8194
2494
2666
1626
2420
7677
7529
4400
7396
9923
6042
70
2763
5694
7582
207
2383
6229
5590
492
3640
8224
6534
7273
6725
421
3090
9219
4961
488
8419
7188
7805
8507
7368
7879
620
8861
5362
1598
6564
9268
5457
7265
8454
2444
2735
6019
4806
6767
2844
1149
397
4741
7823
808
1364
121
7246
9989
6164
5391
757
1935
4371
7849
2404
261
194
9702
7996
1423
6439
6206
5095
4683
2379
7019
9203
9049
9440
5967
6242
1631
3175
6512
2540
644
9063
7795
5202
8983
5333
2747
3622
3758
8797
5002
7520
5117
7575
5728
8176
3843
5485
8049
1815
9726
8920
826
7312
158
5257
9473
5515
6442
6229
9930
