8734
8379
7551
2205
3177
236
3069
4594
113
6412
9548
3005
7935
3998
6560
1241
3587
1755
7397
4189
8669
2111
2030
3572
9420
898
681
619
9099
7540
9213
8663
4095
1245
2475
7528
3082
9388
3964
8141
4497
3181
8823
3487
6578
3595
861
7317
1837
7953
359
9981
826
5160
4405
3158
1363
3508
8424
5052
3809
3862
3827
8977
6282
4972
505
3853
714
6796
1657
9534
506
9317
9194
2059
9521
7288
2672
5617
7946
3636
7541
5594
7146
6689
8244
1271
8006
803
2182
5494
8169
4364
3409
6862
4910
6056
4402
7733
9763
3952
2542
6444
9605
3648
1252
3438
3450
76
6079
5831
2158
4624
3320
7388
5046
222
8739
2681
6559
10
6805
2944
763
4539
6623
6150
3841
5942
3424
1304
9091
122
8778
1154
1971
5172
5843
2353
2985
6852
1894
641
5112
2406
3412
5508
8817
2781
9871
3320
3331
8784
8618
2544
9533
8770
2833
363
1166
1613
1776
1817
294
3901
5923
9644
9588
1380
4428
5662
8923
9549
5834
5403
7740
2189
2642
2736
1087
4101
2367
8352
738
9223
8259
3492
5793
1129
9071
571
1171
9886
3319
9567
2265
1111
9093
5323
5089
8140
7260
9237
4109
4609
1612
4424
2588
2263
1418
2387
5151
4277
7038
9796
9182
3578
5916
5131
4704
6946
5182
3037
1724
5068
5891
9055
1197
2269
6949
7431
9637
5893
2555
7665
6967
608
3098
1510
1639
2144
6557
5111
419
3033
5324
3646
2255
3271
4539
9872
5562
9592
2090
2556
3387
3166
7579
1295
1685
280
2072
8500
8583
9089
73
6507
5748
4356
1222
6201
2142
62
6034
3445
3790
4257
4053
4297
3904
501
5323
8426
7152
9561
5582
4405
5458
6532
4540
3174
3207
2718
8901
8778
812
6405
2546
4716
6574
905
2241
583
7524
7344
1293
7473
1687
8302
4478
3138
1533
8197
8008
9900
2987
4909
3707
8557
8944
646
94
1942
6197
6441
8630
6743
6940
6985
1827
3268
7935
508
2335
4535
7124
6438
4610
8495
3789
2575
8019
9847
3789
3552
9943
8558
8930
6331
9254
438
8161
4217
5943
498
9928
9725
6784
3163
3688
1618
917
1192
9762
2368
3861
6542
4030
9614
9288
1728
5166
6688
2399
7322
4685
4523
462
7796
2233
4210
6691
1530
2168
91
8832
4318
3905
6072
9462
913
3012
1361
2371
3989
392
514
6940
1545
9102
1980
997
1359
6382
8526
6446
1289
7018
6855
9217
1039
7493
7139
5278
9015
510
3905
9091
1509
9565
220
1844
3605
8162
4050
4312
1888
4788
7111
8811
8823
1378
7310
8721
3280
5893
365
3982
3915
555
7449
9606
4161
1061
5044
5411
9349
7483
5831
6823
7257
7502
5818
13
9706
1395
2579
6419
7891
7595
5482
9999
9218
5305
5393
8497
9292
7171
4042
7220
8433
3883
2677
1600
5674
3210
7284
4996
9031
3214
2542
7036
9543
8432
5503
8680
1904
7233
8020
8893
4709
5062
1024
6399
1023
1553
8715
9945
3334
4893
8366
5374
2154
2785
621
1967
4765
8117
253
1859
74
8140
9720
8035
2900
9834
1362
1495
6556
3524
7078
9580
1288
2259
3658
2844
7515
5956
2393
8211
7189
4979
6196
501
1140
6530
8083
6565
6483
8091
628
5591
3495
9835
8524
39
970
5206
4947
9934
5996
5424
8992
8490
1508
4995
6079
6006
9075
9635
219
8322
4830
2456
760
2086
826
8979
8753
7206
2180
8548
2918
2950
8478
9147
2084
4168
4270
9771
7607
8055
791
8272
8272
4544
1011
5116
5372
1251
7982
2005
3794
5063
5041
2707
6414
8338
9458
6461
8341
1728
8321
7414
5905
7697
7605
7197
2485
4838
4717
1351
8428
4262
713
9186
8179
2049
8246
4972
3180
9198
3933
3589
7264
1301
2406
3883
3039
4590
286
7175
8745
7660
4764
4778
7826
356
1730
513
4175
1388
2212
9644
717
8606
1893
1431
2440
5397
8256
7261
8628
5376
9182
8931
8880
8644
9666
3596
9394
9494
8797
4474
7616
9323
5983
8568
8868
9123
2054
8219
9558
2743
5703
3921
2144
864
1056
4177
6015
1176
6659
7972
6384
9485
2801
3483
2244
229
4307
2915
690
9680
7359
7428
5344
6896
6728
2760
7032
5012
3436
3832
1311
244
5060
9220
2314
449
9405
8713
2501
9034
968
2471
9179
2443
8301
4787
6083
3478
135
3619
7686
4951
9763
564
7842
8218
2208
3756
5995
4552
9894
2113
7853
1159
9623
4004
9716
975
1322
3996
3440
7890
5914
8649
1161
2467
3410
4688
2618
7235
8547
2909
9479
2174
2222
1773
1527
3806
8252
9361
3910
9115
8597
6696
155
9904
2026
8525
5908
2328
1467
7750
1810
4334
232
5771
4230
3258
1207
5792
3234
6661
8336
7950
5752
9429
8263
4123
1949
7849
5929
9755
381
9299
3048
8551
461
9594
7356
9095
3281
9893
1574
4893
5622
7695
7431
4098
5575
639
9911
1992
4959
6680
6046
9359
4071
8344
8353
6572
7154
7103
2276
7601
7409
7228
2090
240
5119
6736
5176
6425
719
9257
8113
7069
705
8000
9798
1303
9177
1055
432
8003
5067
5499
9540
2047
7737
9359
5474
994
2007
7340
790
9590
1314
8851
7662
6233
2230
864
8585
5216
7896
5842
137
5393
9451
824
8186
4842
6969
7183
8449
1912
8825
5262
7855
3535
294
230
197
2082
3251
9758
8864
2799
83
1464
3597
4985
8768
1395
1133
5473
6331
1664
6739
8383
2431
3306
2091
1686
8982
4154
1267
6575
2192
1095
9649
3381
5136
6121
5152
3010
4186
1428
7314
3230
8786
1303
7599
1511
7720
5116
3818
5038
1101
3182
2927
3618
7827
5478
7635
5350
3486
2726
3503
4290
4432
9752
1678
9815
4413
607
7650
8485
5681
9242
4704
4420
4410
7393
8359
7493
5883
4769
3083
8672
7477
9921
8189
7108
9035
6386
8310
2911
140
1776
9532
9980
740
9263
9815
795
5689
189
477
2434
5364
4796
974
5221
9076
3858
6053
7912
4958
8048
1457
8234
1
4291
8297
9851
9572
5481
3779
5050
6539
1268
2768
1332
1723
2677
192
6064
5576
8572
3692
2451
4800
1999
4749
7339
4936
3346
6135
5283
6747
9682
3064
7384
7069
858
9654
8531
2080
2251
3068
6753
2549
3142
9609
1018
6867
2856
8558
8886
4009
5725
5975
7907
770
8533
3184
3406
9858
1420
259
3000
3410
6562
4932
9954
3689
4912
8143
199
2312
1521
8183
6649
6930
4754
3800
601
7356
1677
752
9997
2241
3739
6980
4409
2398
7016
5985
6863
2595
7067
4327
4576
358
777
9291
7501
5396
5553
3983
5349
7683
7324
7550
9539
5838
9623
4538
7389
5200
6595
3616
4931
7575
7839
6830
9846
7778
7748
484
8267
8181
8894
9505
2373
4834
8550
996
7314
2338
7361
5349
7810
6477
6520
8816
3804
4049
9621
997
893
4537
903
8327
8509
1834
5328
633
6268
1346
5524
4929
8497
781
9535
7592
6119
4839
1654
3116
2891
7818
3107
1902
5453
489
8462
521
7444
9866
6277
5894
6057
8211
5428
3779
4793
9261
2336
1265
1146
876
3516
4449
4422
8987
202
4993
3820
4292
6653
5317
6397
4588
3340
5377
9576
1191
67
3312
6350
6481
715
10000
3219
1214
5598
3605
9280
1514
8933
3805
3119
7466
6166
2389
1556
2855
2128
2566
1695
5928
6147
4697
2058
980
6685
4452
1039
2311
4432
256
9199
8964
3312
5260
5294
7070
6622
7632
4787
9798
8818
4064
5930
8603
9887
1032
677
1825
1564
1870
740
9353
2422
7038
1646
6446
5764
1545
5166
9264
8697
7223
7927
2097
570
2898
8591
1100
7658
6054
4213
1937
2243
7328
9266
1235
1905
4321
9083
441
6025
7954
9954
2865
1742
7417
658
6879
9247
151
3098
371
1204
7041
5676
6724
6296
7766
1860
5070
7657
5895
6615
2333
4289
2434
5051
5095
6967
9381
2425
4278
3541
9031
5227
1852
3103
3528
1998
9353
6674
272
3986
6194
7301
2405
1915
116
4696
6934
4813
2309
3547
9570
1430
1049
7153
4948
9583
4710
2015
7841
6507
8334
4301
6727
4261
7685
5652
5227
4675
6761
6289
3653
7202
1476
1314
3681
840
4450
3584
5020
9373
8961
7899
9282
894
5370
4241
2093
6066
8285
5974
1216
8358
8263
9997
8422
2590
639
905
6452
6472
5705
4287
3309
6428
3212
5318
1468
5355
5874
1861
4742
1700
2269
2703
7390
6721
6897
3951
8486
607
7499
4771
6180
5514
8332
6686
5007
9529
3006
5378
1360
1530
4198
271
5064
4878
2866
8963
9096
7196
8978
977
9171
4359
9929
6561
8608
7896
7010
6568
8289
7515
7147
1458
7598
336
2056
8090
3351
3568
7575
1584
5791
4224
5600
9143
5481
6607
8511
4559
7380
977
1516
7344
1982
9188
6075
7078
8781
5139
2181
9431
7328
2383
6004
7721
6163
3876
3399
2912
9300
1633
4733
8825
4108
8241
952
6433
3314
6583
7438
3852
8805
7666
6173
7555
6281
181
8915
5367
4188
2584
4543
6386
8596
8814
9515
7425
1409
57
8115
4131
1650
6938
3174
6459
4654
2409
3889
5270
6573
3409
5508
389
7254
1110
6277
7369
5754
5670
3554
6870
2539
6321
2107
2902
9846
9990
9108
6216
5379
2347
3856
5030
677
4221
6637
1059
7086
4600
7840
5289
5030
2660
2262
1158
9714
674
4962
7314
2780
38
961
4765
3951
4238
6530
5863
3488
8160
8788
2351
9657
6356
6908
3992
8731
2911
8866
5196
783
2580
8440
7156
7705
3015
2473
2441
2045
5461
5597
8095
5032
7774
6428
5659
2741
4368
1280
9961
9725
8358
7954
606
9558
958
215
995
3065
5985
4262
239
4680
6664
701
3262
8652
2394
7545
4853
8973
3727
303
2273
3897
2272
5744
8115
9761
9711
7025
7489
6770
948
7994
6901
1072
2224
712
3021
1593
9607
3576
313
157
2993
1634
2237
1700
210
1959
8490
7523
9877
1675
4209
8325
2418
3030
7552
6351
3181
3929
4217
888
4380
1990
1103
9577
3249
8298
1126
5820
3817
9719
19
5431
6304
5254
6943
1175
3094
3336
9425
3988
4022
9841
1442
2438
5174
3589
3582
4742
527
9877
1251
9913
7898
634
5181
4724
3407
6279
7129
838
9697
7408
3031
8533
4727
5178
7764
7202
7523
125
4571
7920
1515
7054
2476
1824
6539
8014
1233
1739
5822
2240
1195
7709
8313
2010
2097
4660
3855
3432
9795
7824
698
2081
9794
1858
3526
6600
8679
5769
5228
2581
6828
3571
4769
8967
9729
5013
5024
1164
3326
935
1457
1137
9489
5247
9533
4557
9341
8376
5008
6698
1960
5791
7335
8006
6984
3382
8811
1876
5851
7513
7705
2461
3292
6301
5775
6303
3598
3151
1922
1482
8306
5042
2498
7360
3669
3474
4966
957
9387
6843
4203
3216
4836
3790
3671
3165
6484
4867
4411
6837
4397
1483
5715
6607
788
2854
9348
886
4061
9388
8265
3831
1645
8581
2303
3404
7241
3548
9296
9184
1849
3919
7203
4743
5894
1125
4284
4843
7424
608
2620
3392
2878
4559
1838
3841
122
5923
4450
4324
1951
7155
6050
7925
807
1772
6491
7161
3210
7296
1288
1429
7925
959
5039
6490
532
6303
5628
871
3369
5844
2704
9050
2606
6564
1189
6122
165
8216
7085
5558
6632
3460
4015
1029
7906
7248
3368
4297
1130
9018
6000
9127
1918
405
6515
4409
1914
3730
4873
5764
794
7274
3405
9101
6785
3670
9334
5394
265
8802
8068
8080
4095
9714
7165
2973
8403
6471
3267
2192
216
462
4786
6375
706
1267
7028
9407
7460
9103
2007
1373
7039
7166
8388
5731
1415
9745
6064
3764
6986
6152
1423
4561
1464
1642
2249
7458
2080
6168
8216
6481
114
4890
5919
7689
3200
2988
4800
6630
5290
425
6792
92
4506
6652
7240
7604
2007
5702
8931
4764
4862
7396
5791
384
8110
5447
393
9022
8890
1683
2751
8368
8987
5011
8738
9969
9864
6223
3644
9904
7531
6068
8239
7372
1994
9770
7527
5860
2114
1058
6324
6610
8521
1506
1867
1579
792
1275
7986
4669
4627
1257
5516
3932
2403
870
2615
1180
7607
8790
7562
6939
7264
836
7574
6892
2309
7426
1950
2164
9875
1692
6148
7388
8015
851
1540
7727
1764
6847
3595
1147
8891
171
227
4708
7970
4334
1767
3311
5733
1172
6086
4075
8984
8122
8717
4611
7798
3787
7560
169
5915
8287
1601
4744
1114
7434
4672
671
7417
1709
8104
9297
2274
7212
8249
7458
1501
8873
5424
1088
3333
8996
5617
5969
5012
6271
9883
6054
9272
3235
1231
7485
3796
7449
6516
4673
3498
3014
6095
107
1416
1764
8778
1385
1695
4519
95
6674
8671
8176
9265
5383
6169
9894
2093
8002
9967
8656
4131
7500
8462
5128
1251
8026
8435
632
5654
7328
2482
2645
7850
7008
9159
6743
3577
8462
9621
2250
2359
4417
926
9040
7790
5200
7093
3799
3583
5106
6135
5932
8150
4029
1215
414
9488
6033
7735
1398
431
1224
7785
1685
2679
1614
2330
9037
8977
1407
6816
7192
3027
7309
6252
5151
7526
2985
1430
3367
2413
8037
5730
8837
7286
4105
5214
5872
6806
2778
3307
6185
6356
9044
8506
9073
2987
952
4215
3094
6735
9115
1100
6990
1597
8383
5678
6660
3750
7310
5337
3250
9358
6907
4633
2959
3967
75
5563
2772
5205
1192
3519
6865
2732
735
918
1792
9689
3360
7441
276
6403
1090
9629
9380
8435
4006
5812
155
8933
2329
7909
2716
6782
6587
2385
4104
6433
4677
3880
3273
2144
1217
7110
6362
1915
5235
6522
6793
749
3758
3667
8120
676
1357
9796
2228
8639
4781
7129
6095
5721
5865
9442
8734
6619
2571
3624
8176
5946
6599
9375
7263
4323
9477
843
1385
5099
6176
3526
183
9597
9161
5589
2274
8229
6218
9644
9824
8942
625
590
6700
8423
1290
3429
459
7358
6486
6398
4817
6628
6394
6627
7883
4900
9298
8708
7437
5681
6793
4793
1702
8744
1812
1163
8252
7536
5734
9268
2037
8879
7372
7443
5759
5332
634
4326
2732
2830
1753
9027
3093
1781
2854
9575
6469
6
6362
8388
661
4343
8208
1898
2101
4917
8934
7934
6395
1222
2710
5623
6347
3519
2836
3551
6300
4166
2441
4122
821
885
6962
9359
422
1248
9386
873
7018
3609
7158
3160
2465
2500
374
1917
6116
4998
9059
2992
9186
4963
4382
2645
4852
8085
8816
9595
515
9486
9035
5630
9803
322
9464
7506
8304
810
9445
8419
5536
5888
7031
2507
4563
1409
9261
9887
729
7215
9711
7756
8552
6030
4693
5571
9405
5735
3913
9046
2643
955
5545
7711
8204
7955
5401
4214
5386
8894
3292
9667
8208
69
2777
4423
4893
1013
4153
2523
7850
4070
6240
6170
5327
1267
158
8182
4383
1666
728
8649
3377
5021
9049
2904
7922
2504
8816
4182
7473
8211
1254
1364
809
4416
2248
7888
8416
7364
3247
9275
8169
6312
2163
5601
2770
8000
3209
7449
511
2667
744
6409
853
3640
2979
3570
5083
5149
4908
8893
9660
1098
8426
1248
8453
1855
6183
4312
613
2197
8221
6198
4294
1603
5155
4501
9589
1584
8567
6515
4441
3046
9419
4063
6278
9639
1352
6453
5859
1497
7343
2230
2360
3027
6750
2884
7617
6336
7958
8035
4750
9215
6269
4117
3781
6268
1353
3851
6424
9385
7207
6308
1037
332
5102
1413
1345
4199
9533
5338
332
6255
895
5264
796
8599
8354
8325
3384
7001
4580
8886
1468
2531
2276
5045
8699
118
5820
428
6352
4788
931
1666
756
712
6196
7823
1584
8098
6607
8185
6274
1062
5969
29
9699
8706
9197
9265
422
4159
3771
7164
8034
609
5296
1468
216
5391
3484
5197
2981
4566
572
3336
4581
3332
245
9711
9789
3635
4825
4531
2375
8010
7463
4678
300
9764
2550
7846
3639
3524
2176
452
5571
3387
381
9468
4261
3068
990
3228
3434
4176
4796
2978
1235
4043
5145
8385
7476
6266
7276
539
9112
6988
9093
3977
5147
7173
9240
2099
1837
899
3043
743
7208
5938
3628
635
442
1798
1859
7295
3514
1826
5588
3176
4188
9570
6462
4166
273
4765
8246
1946
9038
7653
8709
2417
1320
9263
4607
1363
8232
3151
1857
5905
4278
3222
569
1312
4886
9309
9119
7340
3968
6774
2705
2098
9809
8991
1446
7322
7520
5086
9041
9354
1762
6524
4982
2485
3490
7177
7849
4381
3668
5814
7086
7771
2654
1145
1939
5463
8432
1099
5107
5632
7049
3558
2306
4302
5732
8170
2177
7057
720
850
3212
5214
8082
3209
918
7769
5587
591
2003
520
5310
1518
2168
1673
6401
4224
7481
1700
8372
3039
2049
4782
1220
9752
4705
9954
3390
3722
5483
2292
3499
1105
9190
1024
8314
2006
3973
8248
328
4503
6640
9794
8123
6187
1184
1763
9001
7070
2127
127
5227
2370
1736
7904
2007
3119
5110
6589
9543
9318
3323
1588
7126
1009
2703
8230
149
1010
7833
5184
9105
7884
5926
4734
1871
9412
9241
2842
9747
6993
4511
9699
8281
6797
6084
6523
4274
9154
6309
8667
2734
6022
5530
7316
6901
4821
4001
4867
528
1405
5817
3763
5041
6695
71
3373
4512
1830
5303
7216
5649
8754
7703
3157
4992
5560
4041
9918
4857
2067
2513
1062
951
7695
898
2946
6024
7306
1255
9144
6947
8084
4334
5931
7821
4827
4054
2476
2758
258
5911
2971
4262
9148
1458
1920
4677
4392
7522
9143
1547
9872
9490
2854
1338
8897
7738
8565
4515
4420
9041
1297
4867
9170
4853
5237
2457
6805
165
7870
8782
8297
437
9083
9527
2976
327
3666
9411
1885
2937
744
7031
6441
1824
7879
9754
320
7072
6149
2573
1475
7238
6125
465
4825
4121
5154
989
7948
1374
1237
858
8985
4501
9960
4492
1940
6091
796
7427
751
6012
7574
3960
2209
5622
2360
6295
4315
9409
6731
5631
4727
7313
3756
1060
1354
4449
5302
6078
1260
1797
2917
1339
4756
720
2481
6678
2454
8937
9016
918
7133
3448
6841
2235
3357
3842
1364
5219
9128
3493
934
1843
387
4559
3558
7574
4525
7867
2759
1392
7228
4511
8845
3328
5171
9652
6407
4052
6837
2357
3857
6298
685
8903
2187
6433
7426
6493
3041
1558
5647
9197
960
4699
3152
7974
9834
673
7723
6665
2591
5009
7941
5389
6103
967
8891
669
3270
1535
39
3001
6964
9843
7454
542
1902
1777
6486
8938
8933
539
1576
4715
8015
9596
4660
5902
2819
1694
4250
4292
4821
6426
6581
8846
2630
263
5641
227
7953
3378
6291
4892
8047
8535
8871
129
1182
7502
9945
4196
3882
7744
5293
476
3644
1532
9064
9678
949
1322
4160
9952
3421
9534
615
4162
8988
9876
6513
3883
6336
7323
4282
7200
6391
7544
4555
4422
9694
5286
875
4068
8908
6344
8554
255
9824
6799
3954
1787
9242
5386
1593
1613
8786
2185
4701
4993
780
1202
297
5619
4095
6715
5356
2525
3338
4765
9542
2501
6163
4441
76
7440
3847
7026
3558
2713
9872
6653
2789
9052
2578
3455
2749
3237
6644
4654
5959
5879
9832
7043
6704
6223
2951
1480
3424
3977
5778
2135
4198
3325
3780
704
6479
4165
8785
999
4291
7905
4660
9463
6625
1088
2634
2981
7207
6248
2995
2501
6516
3642
6633
3793
5053
1653
2598
2599
2810
2739
6562
586
2881
9734
3610
2417
8500
200
8333
4453
2395
4001
9591
4718
2845
8171
1987
1843
3096
7698
792
3327
1262
5408
9127
1109
8177
448
5325
3743
6247
735
353
4417
4093
56
4489
2261
3599
3581
8755
6690
5034
3037
2467
1193
4341
5695
5668
1445
7206
8509
1258
9695
8934
157
4075
5167
2806
1121
3760
7236
1678
7746
7483
8555
3332
7750
885
9046
1164
1939
5281
530
1070
4712
700
8371
7734
6867
7261
7064
5656
2882
6835
9598
5169
8248
6411
9095
7036
5993
5408
2471
445
2133
3810
9981
5548
5097
2365
1198
7278
2369
3040
5601
8764
6
7173
9556
1562
4725
2721
9925
4679
3220
553
750
5492
5003
6762
19
7741
6237
7264
4958
7120
9690
9613
5533
5210
8847
8381
1248
9152
203
1937
9153
508
7276
3233
7386
7110
6550
6411
7421
9683
4824
5447
8511
2742
2795
137
4711
4992
2779
7625
5734
7428
6330
6887
183
5133
4917
3744
5296
6165
7704
7058
399
9400
2860
2633
1711
9373
2404
3985
8629
6142
680
4195
8809
7446
6855
8954
6084
7181
4831
5932
9141
3825
2757
6463
7215
5888
5143
7055
1643
4017
4990
8766
6382
9824
9494
5404
1368
9750
3974
5270
4172
3811
5868
4093
8203
8637
5263
2182
4558
2267
3250
820
6232
2548
3065
6712
6971
2389
9301
1767
3868
9891
550
4445
4078
9196
1916
7505
1190
3937
7164
1316
8879
7451
6690
8462
3729
607
4780
563
9639
2568
9362
3897
1119
136
9553
7628
9157
7309
4518
5136
1663
5025
6904
5914
8436
7732
1811
8117
1788
3676
1367
4003
3752
7793
8807
2669
2074
5937
136
7420
7849
4663
2324
6380
539
9613
3666
4001
7519
4433
6514
6504
9089
9628
9711
3681
6661
6288
2469
3576
5433
6279
9887
8526
9906
4846
8757
9294
6057
2636
930
901
5203
8401
5003
182
2504
489
5850
846
6457
9333
8637
8339
78
3287
8698
8918
6471
4271
4002
6434
2339
3863
4320
3120
8887
9800
377
2805
1135
9526
6240
5183
2570
9650
9691
9328
600
5138
3097
1664
3842
8407
1490
7064
7337
1196
39
6857
8686
6041
1478
7481
7858
3612
2061
3053
6401
7311
1155
5135
7417
8570
1368
8295
6341
2429
7224
2272
5471
7510
5038
2538
9435
6203
7894
6472
547
5078
1795
7582
4816
5799
2839
1656
3756
8585
7956
9055
5392
4181
1696
8524
1980
6178
8958
6846
332
2995
3852
9833
5140
1047
354
7301
7442
6209
2154
2029
1383
9633
9750
9656
5261
922
24
9187
7766
8563
3920
5044
6280
4235
3119
6242
3512
9266
2544
4366
9532
9723
3246
4481
612
3473
8058
9372
3325
4031
9094
9972
9103
9024
5382
407
5817
890
3821
7053
933
3357
7219
3158
5981
5931
5039
4436
6510
6399
5873
1996
2751
2832
9412
9205
6246
2390
8788
9927
5146
4375
1345
4163
5987
4165
2026
4799
285
7293
2337
5640
4228
5219
1106
1334
9564
2444
685
8803
4887
7549
966
7750
8370
2157
3912
6100
3150
5565
3001
8530
6380
9638
4616
8464
2971
8027
3070
892
9127
9657
9058
6143
9449
5770
5210
4292
3020
328
8475
6968
6603
9394
940
626
8838
8708
4956
9760
4760
8289
1989
6115
6977
4295
227
4111
7109
5491
9479
1057
7115
9708
8757
1583
8995
4582
1110
3913
6547
7445
3329
7436
1642
6360
2239
9353
7145
5228
4409
7414
6343
7684
5198
123
8443
9081
9073
3588
102
9717
5725
7361
7703
7487
3209
3670
9765
1421
697
1053
5551
3502
6251
9450
1459
6749
1712
3684
8495
4959
5971
8793
2233
8476
999
5443
3282
3739
9860
3545
1465
1366
6149
9365
2317
6768
3292
345
9910
7779
416
7851
5927
6974
8342
6469
4012
5937
168
8669
5633
5315
9803
4786
5251
1340
6086
4198
6934
300
8521
2806
3475
8863
4566
1504
483
2406
8923
3034
9118
358
1054
7257
7449
9440
4745
3245
1264
2460
4147
7705
2024
795
4763
8553
904
9104
7617
4443
6193
8395
6309
5365
703
6692
4018
9737
8341
4947
558
1247
8113
4632
4147
1143
9572
3317
6450
2658
6507
2519
3716
629
1791
6521
6354
876
9457
1273
708
8747
5416
9015
3781
4638
3656
9493
9840
6363
5842
8132
8120
1749
3771
3103
5499
2944
3108
651
8762
5500
8451
3855
8021
2342
5574
4903
8007
4784
8053
9843
1995
5023
3693
3819
6551
8177
8706
3875
3453
2882
983
9194
5657
779
964
285
7512
5356
2205
7972
2881
8880
3152
1711
2698
8857
6075
2945
3746
6176
1728
5746
711
8712
9982
2554
1412
5410
3642
7331
4778
9632
98
2040
7313
1603
1741
5187
7570
1767
6042
7056
4594
2226
7108
3550
4402
6082
386
4804
189
8979
44
8795
7106
3694
7982
3369
2254
5713
4841
3447
4990
3112
7269
8815
6402
504
9813
4723
8202
535
3304
5635
3504
5223
2792
4321
9992
4427
1787
6199
536
5966
8027
6254
2262
5248
2032
3708
8555
7935
1165
9261
3277
2490
4026
1807
4061
4752
5602
3155
9284
7922
5029
6974
8074
2298
3608
2823
868
8857
8044
1682
510
3955
2950
7983
8668
4482
667
7026
9273
6052
8477
266
7646
1945
9677
2589
7412
2732
8673
4882
356
8270
5642
7396
9411
4102
5267
1790
7971
8819
600
3666
6916
8747
198
110
8384
7620
5463
1167
2393
895
3841
7467
2121
7955
1141
9770
2465
841
1758
8209
4888
6525
1403
8965
7894
9044
2114
7212
9550
2749
7935
8150
5309
2483
1993
5705
1357
9067
6281
505
4884
3800
6123
220
5601
2063
5854
5248
2543
2891
5421
1070
8319
4911
1361
5492
3486
3734
4009
3494
5484
9144
8794
3754
1729
9648
265
5692
4382
7879
6872
2513
6802
6041
8361
8357
4761
1419
6191
9326
7700
8412
2585
2840
5711
3375
3170
5673
1355
7992
8402
7000
9759
2114
2486
5873
7085
9051
415
8080
7484
7248
640
4170
7416
8554
9436
1707
3350
8240
3958
5140
7356
3277
1678
1370
836
9220
5325
4781
399
959
8583
8400
170
4970
2868
1045
1547
1614
9031
9493
1913
1401
1271
8006
8722
6315
2884
3408
9109
9751
4722
3955
9806
7126
1387
1355
9812
8314
4663
7772
9022
4827
230
4420
35
5287
5678
3998
8088
1012
3021
8555
1665
9935
669
6638
709
2224
5103
7278
7690
9215
8427
3640
1005
5740
8876
2219
2487
1132
3230
2410
7098
6119
775
8523
1252
599
6075
8215
8538
8216
6376
7286
6759
1701
8015
5209
6638
7426
186
3530
6324
1848
2680
2251
3077
9936
4894
1576
101
7895
1075
5199
4063
7692
5453
2464
4700
9260
8623
7324
8860
9210
3690
2140
8698
2916
9086
340
5699
6438
9768
5078
2139
322
6769
8978
1283
538
7762
968
9709
7693
2517
2144
1464
7854
3455
1972
9949
7332
4746
5086
8379
4311
4301
8528
9553
2681
7885
2674
8962
6026
2959
4518
5161
8205
556
7884
3575
8028
1365
6531
4271
2264
847
2721
2716
6029
6180
2458
897
4499
1035
2295
7707
9264
9802
7971
7494
740
9510
1267
1948
5398
3267
2771
7070
9700
5706
1845
3611
323
928
9954
7014
3123
9830
8011
5706
368
5184
7471
5237
8426
6166
5021
8062
3664
5819
5020
7902
944
8843
6225
1762
6422
6101
6733
9086
8492
9663
9638
3274
4671
168
6548
9861
3064
1343
8597
6503
7116
4791
6736
1658
9093
4311
8511
2245
9324
2318
4192
3090
8654
8452
5152
4045
1126
8427
8447
6855
2736
6093
1803
1933
3799
4935
86
983
1823
7434
5027
7319
7519
1490
4764
5647
8119
1355
5283
5639
2956
6538
5695
5854
2704
4398
8336
7614
2876
1051
2014
1384
6199
4529
2466
5512
909
5042
4614
6456
5105
3859
3034
3026
6960
2666
2763
7210
4088
9495
9204
2306
444
6405
9436
4439
8233
2232
3292
3946
2441
9724
6232
7111
7359
9108
2521
4761
9197
9783
4338
8770
1418
921
9834
839
6311
9838
2013
4492
8399
9356
960
1096
706
4724
8273
4298
1585
4009
1299
1572
4955
6319
7473
1330
6758
4240
4966
8163
6518
4893
4993
8562
1804
3742
4163
4108
1963
468
230
7831
246
5156
2409
52
4181
3155
5670
9253
9834
7274
5688
2015
7691
3734
4044
4450
8329
8552
2262
5206
4750
6503
2527
1126
5191
7943
9916
8941
6545
4868
6585
8545
1169
9423
5105
8075
6458
5815
5309
7603
788
1512
5942
6243
2992
3070
5563
700
3418
505
5328
2861
3444
7501
7029
2359
1157
8459
1044
611
2736
9747
3024
9041
8870
1071
4763
7512
8951
3677
885
203
8271
7087
7606
4329
1161
4932
4789
7561
3993
424
3218
8546
4725
6445
5960
357
658
2129
5845
636
5235
619
1798
5293
4083
1056
9769
3166
9658
6037
9505
2713
919
4593
5220
9419
1585
4082
1518
8486
359
8743
8108
3445
6196
9598
6476
1242
9305
7830
749
2915
7284
93
7298
8442
9018
7746
8461
6998
6996
130
176
9856
7206
7660
6775
9892
2713
5835
8922
2957
4522
6800
9618
5398
5498
2413
5047
9522
4054
822
6676
2527
4703
4496
1038
1963
8688
2408
3702
7789
3143
492
4569
2651
4399
8036
7419
3694
8039
7239
1374
8141
9858
392
8744
2928
3468
7622
8054
6374
2938
1488
9791
9487
3650
2156
2916
1290
1493
603
3237
2928
1826
1747
7144
6576
8068
1183
5841
9934
2125
9392
5578
821
835
9003
9935
5256
7685
7932
3553
6335
7665
9840
5406
5995
2052
8441
3046
7475
6356
9872
7001
7293
2030
9495
8535
9956
9468
2851
4471
3056
1104
4895
1951
9654
3611
9444
660
9658
9122
2917
6552
4017
1638
1570
4414
1251
9345
1854
9188
434
9618
9396
6495
201
451
7052
602
3359
9352
7983
5538
1538
6085
2396
5070
3395
231
9115
5737
5707
147
9715
3995
6230
6962
1840
3561
9371
4845
9328
9790
4477
3180
7245
8779
3403
1892
7405
308
967
1917
1848
5495
1859
8341
7607
561
5469
1623
1279
5381
670
4013
1436
8352
156
3803
3047
4597
1332
3438
6838
9916
9722
7851
9661
3374
2000
4359
6799
1203
2405
265
4660
6125
2564
441
7071
4615
5145
6362
8872
9869
5572
6103
6644
23
2413
5406
3621
5056
6004
850
6508
5720
3409
2824
7057
3745
5278
915
4587
2686
8490
5698
8359
2456
938
9021
7583
991
7692
4390
1642
1314
7212
5911
6765
5245
5753
3218
7731
9630
990
6326
4341
4142
1792
5901
4214
3786
3121
7697
6335
7714
9571
1592
5135
2003
9581
2308
2910
4881
8582
1495
8610
9191
485
3797
395
34
5941
1416
5108
2163
5370
230
6283
7787
7143
6218
7324
7913
6024
6466
1499
5220
8163
1573
402
1044
4034
907
672
440
7803
9292
9804
9352
2215
4700
6422
7613
5189
668
4472
8595
8600
2453
3762
463
880
1743
4284
6509
8585
5114
6250
1870
5289
8885
6203
7914
2851
6617
4036
3858
5054
8541
1900
4661
4066
7672
9835
9586
1771
9861
7991
3834
4225
1695
6321
7941
4090
7518
5814
7532
9657
5131
8873
9308
5388
1662
8685
5293
9979
647
9077
2544
2221
683
8895
3625
9460
6066
7800
3613
4468
9249
5993
9538
8943
1685
516
2177
7750
514
5033
2780
6362
1628
1534
5095
7862
2401
2211
5126
4196
3249
1055
2200
9958
2840
4363
2750
928
4048
8846
4633
1832
1308
1673
3079
1273
1889
8648
2741
8447
3213
7443
731
4591
4872
109
4214
7827
3440
6036
4890
4715
4020
7187
4867
7562
4922
5765
2231
2125
2518
9456
3537
4486
133
5823
5655
2914
5810
3621
8495
7607
4215
7664
7650
2936
6510
4160
9123
3662
5597
8336
2576
7207
648
3438
435
1019
9873
9994
306
6470
1081
3183
3014
2061
1384
3360
5496
4912
7354
7549
2887
6439
9046
1204
2916
63
4033
9761
9042
5029
531
9178
6512
7087
8803
5766
4053
6071
2767
2370
5105
7730
143
6031
7398
5989
1537
7074
5996
3575
9545
587
30
5168
1738
922
7025
7053
732
7325
9961
8617
3853
6344
7799
9338
4000
5515
934
8334
7806
9063
4865
9030
931
8565
7006
7781
3781
1199
1484
6387
6725
1518
1164
2604
5100
7108
5877
4049
9648
5806
6856
568
3625
8361
4070
4531
4414
1297
8334
8809
7197
9056
4939
2370
9971
764
9898
8152
578
5821
5414
5240
8045
641
3805
3837
6733
3100
165
9654
175
4962
6263
6440
2709
8304
6223
9543
3570
1323
1908
4409
3966
757
421
5991
3723
8865
729
3383
4522
4990
3588
5234
1333
378
4255
292
2178
5702
6916
9048
1087
7949
3383
9828
741
34
5696
4543
2237
1039
911
1803
204
8710
6932
1966
1335
9456
6224
3481
4883
9909
3673
7806
358
8229
508
5535
8503
6731
5638
1700
5567
8533
991
5373
667
1255
2251
4733
8458
7117
1817
712
7850
5811
3955
9661
7012
1575
5005
8203
8532
307
4031
8056
6860
5218
8953
1277
9424
9120
7821
9241
344
492
7480
9835
548
9747
8850
722
5592
8305
7529
1744
1955
3184
5191
9766
6224
6860
355
423
8744
5805
2960
8727
6794
2461
2376
5758
6889
8597
758
1807
7729
8909
2086
6559
5194
9402
9069
5602
5419
3928
3936
6865
9194
2523
1843
4462
6582
3573
8470
7822
3379
6951
4202
7666
3267
807
354
540
1999
2243
2724
1473
38
193
8431
1235
63
1590
6397
9304
6921
1774
5134
9848
375
2250
2646
561
8728
1430
2509
83
3305
5942
7719
8925
1562
6058
3605
5588
1701
2096
3721
2738
2255
3620
9935
2133
7559
2569
7908
9305
2654
3070
1499
5286
5198
6292
2669
8001
2059
3367
276
2586
1725
7900
279
7866
7106
2451
2521
3766
1169
9987
7820
8604
4128
2693
1598
4289
5870
5155
3670
7290
2681
6104
7130
6290
8515
9503
4118
9544
9113
5773
8726
1137
6297
8940
4689
978
8230
6875
7931
211
2009
1875
8358
1348
9584
5977
4401
2125
8868
7
4520
5144
6315
3830
8852
6855
8691
4697
6868
610
828
7817
7947
4926
9645
8998
4002
7826
3919
6104
3158
8055
7907
6355
5154
1825
1041
3528
4739
2010
790
6459
1697
1586
9702
2087
9363
4182
3179
1554
3589
6625
6631
5598
8396
5165
9675
4561
584
5851
9424
3640
9756
9394
1708
1152
2938
9488
4969
8124
4606
1178
6845
72
734
1320
5356
2370
8967
6714
3959
9074
2208
8538
7884
877
4428
2143
6081
2273
1458
6823
6771
9927
165
4543
4934
4977
954
6664
5936
8476
5147
5520
7071
4705
3599
469
2835
6995
4064
4333
9525
9631
7016
5434
7183
9307
4363
8878
5395
1804
6035
4439
8839
5844
1932
4231
9279
3628
1913
5493
4128
3917
96
4220
2476
2360
4461
1981
1751
8661
8127
4433
7169
9770
4137
6510
2678
1184
626
9512
4287
840
9441
8736
8886
2674
21
656
9232
8783
2499
9602
9647
8474
9540
4523
7957
5850
7906
1732
1013
5899
5845
9537
8936
2038
1884
4782
8389
1559
3862
8050
8428
5187
5616
9580
9881
8899
689
1062
2221
4165
5853
5989
2900
1104
7618
6774
9511
3005
2155
1441
2657
2060
1
424
2018
6877
5298
5578
258
5232
6298
2704
9449
8896
7389
2831
3563
6959
5907
9573
8582
7696
4922
3977
9397
6794
2728
982
4480
289
9813
5434
1953
5187
3444
8767
4211
9034
7647
1864
5441
6819
1639
9016
188
1666
280
2398
8353
1629
7228
9020
6364
9470
9130
8965
6086
1448
4035
5887
5882
5639
79
3942
4737
4177
1770
1045
3769
2875
6484
2200
1411
6355
3550
1505
3833
1911
3382
8438
962
9850
5769
1026
6289
3601
3609
9366
1052
8686
2411
1942
6698
5614
1023
8171
1059
7023
8223
2527
2519
1048
761
7444
5885
4990
6119
3136
474
9176
306
6385
5802
6102
2632
6410
7702
836
4583
4759
8211
2913
8315
783
4770
2893
621
2697
9891
9023
5009
7741
8031
8325
5168
258
5476
1355
6013
1907
4585
6711
5693
1443
1154
8108
8646
9675
3478
7069
8609
1949
6017
9302
2315
138
1643
1145
5889
2616
5658
6913
6881
7532
7132
1119
268
7223
330
9446
6078
5467
6890
5628
1226
6330
5155
3360
3841
4310
6072
137
8749
7026
5549
8273
7249
7619
2698
2215
5738
1197
1601
497
1587
962
5860
1124
2335
5097
8596
5548
4185
4298
9793
9637
5170
6007
2548
3912
4642
9080
3715
9168
9530
2208
3050
1788
1819
988
6409
8917
6628
8778
6763
6218
8413
4130
4566
1922
7159
4808
2725
3385
5440
9271
7259
3351
5763
9427
4247
5330
8486
3024
8125
6740
3073
1519
1669
915
5164
4932
4618
9268
4681
3280
2988
1645
528
4159
2769
3564
974
8842
5453
6299
3720
864
5801
7192
1576
42
5472
9752
2943
2026
6638
9094
8181
5817
3649
4232
9193
8222
7528
6929
6717
6264
1816
3940
8923
6806
6004
5881
4990
9987
9734
9043
3317
3767
1002
2664
754
7619
1183
5574
8442
3464
9903
8549
9291
3007
5980
754
1294
4500
2569
5975
8178
6974
2239
6720
4546
1180
4386
6548
6891
8828
9909
1040
5042
7615
4298
1508
5504
4707
9385
4046
2365
3983
5446
2168
5932
5112
4673
2697
5477
2084
5717
3078
4789
7382
3833
1160
5403
3717
9329
4747
7876
7602
3458
1578
195
5805
6546
1216
6225
5341
5220
3634
3339
8539
3236
647
8269
9542
5819
3980
9467
661
8520
2862
6314
3844
4943
772
2900
7703
3960
5735
6010
4157
1531
825
4200
7253
6393
1840
8028
658
57
1042
6723
3434
9939
8307
8707
3440
1618
2357
444
993
1346
6363
6807
4669
5146
8438
2859
7847
7514
9760
8469
4199
363
5455
3607
3638
217
1843
4287
8492
3091
1110
7575
7726
4495
6066
7956
2634
6966
71
8918
9150
7902
8107
9957
2774
5252
9447
6773
2617
8412
1620
6994
143
4700
2711
9770
8916
8663
1203
1283
1201
3602
4000
3659
3682
9180
4547
9346
5421
45
1772
790
2004
7102
9981
617
2993
6446
5047
459
1480
7241
7024
2949
2987
2280
952
3257
2014
1292
1488
5966
5607
89
3723
9052
8642
3973
7932
367
626
1455
1286
519
2749
758
5530
1383
8333
3219
6567
7628
5384
1714
4079
112
5926
3633
4690
1093
7961
7569
10000
6979
5294
6444
2758
5028
8895
6339
2848
6156
8753
1604
5759
4959
1545
1071
3638
2787
6089
2447
942
1563
4678
8033
4590
7816
8372
1755
7871
8057
5889
9079
2194
8568
9026
1398
7109
5436
4445
9443
4564
3413
6358
8812
4984
4106
8060
3435
2248
2130
3473
4772
1615
2577
440
601
3084
4393
7754
6229
5388
4423
8107
7741
8387
4492
3445
3724
3419
892
6192
2488
8057
238
3789
7810
6659
366
2294
2298
3272
4987
4458
2377
7361
8278
7769
47
469
7212
1009
7152
3587
5077
286
4754
5231
5858
9487
8339
7171
3946
8939
9457
2107
559
773
4185
336
6084
783
9740
573
136
7941
5109
9157
4943
9269
6792
1762
2753
8891
134
4692
4040
5785
611
7399
1234
8539
7916
5367
3264
9845
5497
8402
2983
22
7110
184
6819
621
2370
5233
7788
5517
7077
7714
3127
6448
2217
6750
2633
9525
4465
3537
5992
8318
367
232
7257
7531
8625
2581
3046
8470
2299
7839
1132
9846
5817
8416
1490
4974
1041
6109
6842
8850
3587
9259
5301
6328
3658
5251
4488
7688
491
6807
4760
3639
871
4154
6537
2735
7855
6429
648
7122
2117
6565
5469
885
7634
6197
5916
8808
9016
9019
6670
1341
5216
6543
6937
4363
4287
885
8712
1396
5722
6805
5689
9618
2915
7072
767
6033
651
7610
208
8488
1518
3997
1147
8244
7375
2817
4784
1933
9505
7734
3398
6002
9894
7303
4535
6319
4431
4260
1622
2529
5481
5757
1062
2206
921
8110
8563
1873
6892
6643
3304
9028
1277
2997
3197
4626
4781
3043
2065
8014
8463
6353
4349
3320
7423
9627
190
102
5064
1569
1358
1880
4703
1814
4583
8784
3978
707
4617
3173
4472
5478
9400
1848
7998
394
2230
3303
5110
7424
5905
493
4220
1894
6309
1464
7729
3978
3132
2260
9715
2147
5045
9020
3308
8459
4300
5540
9345
7864
1404
5006
6496
3096
1716
1432
407
6700
3376
9444
8588
9809
1458
1551
7170
3417
7473
7370
5251
5337
3673
1114
2493
4689
5250
2771
4386
389
2967
6106
2222
3427
9549
2735
6536
7465
7353
8861
2989
7238
4260
4924
5258
7388
8973
9810
4747
4996
2828
210
8585
1927
9477
7542
4955
1501
639
5949
5187
5761
9377
9199
296
6855
4158
2920
3523
5825
1045
6219
1953
4811
4185
5416
73
8649
3464
9906
9489
3693
5792
1849
7342
3233
829
2660
3437
9903
4548
2426
7187
1900
7
8876
6090
3681
1607
3967
7724
8054
1440
8751
8445
1775
3984
9968
8121
7027
1584
6647
9439
1115
4029
5742
283
9519
8866
7949
5384
8909
7789
4003
6614
778
7476
457
7825
2041
8781
5768
6992
6539
2767
7617
2480
2404
7197
5834
4716
2806
866
3536
8355
4302
6174
2168
6619
2768
5259
8973
4302
8913
3980
5228
5618
6733
7498
3148
9954
2309
3432
9313
81
5087
425
2025
8275
2981
7066
5887
5413
3454
6799
1850
7641
9233
2817
304
3744
7510
3687
1132
157
1270
8800
4939
5039
1903
6824
8742
9130
9797
7798
2818
9943
9290
4855
505
9548
271
9120
4979
744
8254
5886
897
316
5236
2580
498
1911
7438
3005
8825
5879
9926
414
8561
5158
1907
5142
5037
7776
1656
3178
8648
9278
5435
9276
9233
5332
180
1552
9416
582
8096
4554
102
3662
7928
3663
8259
1576
2556
8560
9585
7308
2168
1191
419
8960
9041
1483
3740
7592
8248
7147
4925
4995
448
8034
6152
7031
9114
2854
7210
1945
4681
2347
2570
4967
7932
4431
8551
1449
638
416
2788
201
3757
220
8873
7960
4076
9724
3094
460
3872
8177
2802
4035
1152
7030
1408
8054
2980
3629
4690
4501
2466
1661
4453
8418
1455
8096
5409
1253
1169
5165
3918
7889
3147
253
5290
7208
6054
845
6004
7477
4625
8631
8272
9007
8626
5716
629
8072
3941
9213
9826
8193
892
3660
258
834
8453
1719
4597
4280
9962
8846
3792
632
6883
9428
4620
7648
213
7050
7082
2252
4413
217
7430
561
9669
6858
6478
8705
6370
4527
692
2259
7469
755
5278
2082
4085
5982
5296
1433
4979
5402
8567
8952
6287
5838
9299
3691
6016
7293
7204
9389
1079
4317
3769
2542
5903
4191
5958
8541
3948
2494
7565
5361
162
6017
8318
569
1624
921
4635
3541
9285
3996
2712
9500
8171
5530
3740
5076
6476
3601
2737
5221
784
3144
5568
578
4683
6676
7190
3693
5720
5738
947
675
7208
505
1346
7226
9087
1622
8974
1255
339
8057
5963
8454
3433
527
4655
4159
5610
3565
2493
7863
6226
4385
4461
8567
6490
1752
273
835
7693
7614
1438
6876
4326
2152
9817
7802
9873
33
966
2845
5512
3547
968
6968
9069
5553
6456
7333
1946
107
6578
8994
5586
7148
8036
7502
3677
7971
1999
6126
4080
7647
7126
4411
7504
4517
3561
4910
269
7492
5165
6209
9277
9091
4090
9682
146
3026
3436
5789
7294
8331
9505
1493
1532
2229
481
113
4546
8656
7121
6590
8825
4414
1813
1409
4986
1844
2485
4823
289
5237
6884
6593
6083
6850
4349
7165
4433
5629
2607
6340
6276
1753
2412
8393
4957
2442
8471
585
340
707
1040
3692
3470
635
6007
3785
7325
8202
7509
1506
6414
376
9605
5114
3567
7670
9888
7422
2180
1804
3742
4530
1584
8385
7198
81
9249
8973
7247
6795
1032
8438
7024
6169
6969
8619
8180
1975
5338
758
2863
8120
3570
3881
9093
1267
8913
2564
1599
2830
101
6005
925
4374
8195
6147
7582
6470
876
3804
8162
4813
1646
8377
7500
4064
9247
9838
5975
6520
5050
484
803
4700
5152
7120
4630
2414
8404
3576
3547
9318
9061
3547
2017
8274
9606
4492
7109
407
4342
5661
7095
2864
2829
7771
2494
7573
545
9874
4060
4243
7754
2073
372
5960
3053
7070
3701
3237
6754
2323
8006
1805
8229
411
6984
1238
7420
7209
2431
928
5616
1158
9830
4188
9118
9320
8286
4863
597
8618
691
6338
9081
2440
505
5029
9938
5887
4281
5413
1535
1216
9882
1465
782
1263
3290
4041
4410
4433
3143
6896
5391
59
993
3127
7192
927
4682
3652
4802
1269
9200
8964
4113
8340
9864
6617
7112
6977
7583
3796
3779
5926
5816
2719
9046
1840
4575
5037
1836
2138
7047
4625
5601
6049
8580
3376
1188
4650
3499
2787
7215
781
399
6635
9974
955
1497
170
9856
8348
3999
874
9200
371
3776
4008
3027
9943
6431
9728
8891
8209
4533
9471
3913
4969
6724
8689
4825
6583
9904
8914
6426
63
1289
8440
5268
4430
2405
331
8431
7335
4354
8001
944
3038
6988
1989
6368
910
7065
2815
8356
8430
6613
249
4500
6797
621
7705
9173
7626
7410
1444
8955
483
945
9249
3654
5096
5594
4786
7457
3954
8539
2299
304
9355
7480
1185
3817
8188
9201
153
4729
7770
5541
1852
4560
579
2332
2053
7544
1380
5084
6813
2729
3395
8981
6940
2092
3619
5772
2819
6583
1929
6207
6302
418
8572
4771
8329
8678
4921
3103
5154
7928
28
2404
3949
8863
379
9500
1664
8870
4952
7615
9274
521
8705
3764
5876
8636
3471
8583
1247
4586
6451
3382
4420
4296
9017
6409
9531
1639
5361
6138
18
8806
9197
1019
114
9158
387
1352
2552
3439
5819
7619
6130
6247
3397
7000
242
8862
5325
1551
5501
3057
8600
2566
9959
4013
8791
6571
6204
9302
2142
5480
3850
1068
9103
9638
6542
8270
3061
4638
2231
6561
2476
2376
3924
6159
2628
3128
9624
98
9880
3468
4556
2791
4346
3148
8227
5173
3697
3154
8427
606
2127
8667
9957
4374
4716
4438
4868
616
173
3800
9860
3363
7274
8831
3286
2496
5004
437
9532
3176
100
6772
5707
3328
6157
9784
5271
9648
8884
5428
8350
4585
946
8423
7320
5058
5028
1290
824
7179
6767
5276
2780
8548
5094
2662
7235
5452
2841
3350
615
378
6582
6
2724
1271
8444
3255
6054
8579
6652
590
7673
1234
2397
2645
3145
4197
7084
3741
3402
556
8771
2937
7398
468
4440
6806
969
3918
3081
1188
9300
7686
341
9866
9780
9842
8347
5889
8646
7227
1530
7194
743
8084
50
4107
368
9772
5363
879
7954
718
1306
7808
4434
7344
3948
5878
2131
4252
8285
9164
2739
4980
8804
2028
551
4628
6919
2759
1166
8719
6278
1550
6272
8297
935
7516
9965
6615
5441
6697
4627
802
4426
6546
7191
3811
7090
1602
7947
6937
5552
9821
9694
1771
9899
7426
5862
6252
1793
7504
7995
4856
3616
4462
4249
3158
656
9824
5026
8799
7801
6432
8429
5350
3607
4274
184
7038
769
4485
3337
2354
9222
701
5214
8023
1301
4767
1466
714
7618
7469
5474
7440
4558
998
370
3704
4441
1067
7223
4969
18
22
4025
560
3085
7076
3156
7224
5329
6769
257
1155
1433
4805
7321
100
222
5232
9094
3562
5358
4169
6837
1955
3997
4200
9175
211
2702
5684
6062
6302
1238
9370
9646
5765
2113
2152
2906
8632
7255
2647
5641
7322
5329
7757
4140
5267
5624
1098
1347
5411
4168
1212
4682
9410
6595
7499
7474
8523
8030
2235
3348
9233
2972
236
9687
2917
7428
7347
2586
7596
5668
9157
6181
6140
8126
7770
4845
4929
488
7669
8268
3453
7190
1844
3946
7824
3459
2985
3875
601
5880
7954
4072
5842
9551
5579
7257
1545
1972
5697
5793
2692
9132
4607
3483
7405
541
1743
6852
94
5127
7569
9880
6986
2743
7743
5817
9283
7419
5202
5286
3492
7109
3249
3900
662
6305
9500
3529
3647
7723
2892
5895
5519
4937
9899
1515
8943
6354
6653
8283
3568
830
9264
3630
6696
3534
6674
6582
435
2691
9297
9844
6608
3362
5359
6294
6612
1694
743
8212
2149
5421
1420
2712
6028
7774
6371
9934
5918
626
4160
5613
730
7400
5411
4329
6166
7327
426
5812
1266
9625
581
3221
3444
2708
320
7130
6434
8189
3150
4365
1027
9015
9967
3020
9253
2156
1680
5204
1318
4658
8338
254
7832
2247
5282
1475
6184
737
3207
2551
5466
3725
7048
4823
2181
1767
5732
7338
9782
8806
4753
6637
6494
2377
4552
5327
1365
4556
8682
2255
5464
5088
2575
5909
4277
9286
8161
2830
1313
588
8617
9730
5655
321
1780
8018
8423
8358
931
3868
3248
9576
6248
7057
843
3769
4835
6579
8370
531
1197
9550
9708
7973
6584
7102
5187
1056
8379
4430
6614
7772
4207
7978
2407
7852
9483
6530
4976
6153
9379
3759
7612
279
7625
943
6752
3089
5595
8110
349
748
7470
5001
4159
4623
3876
4626
6609
3859
7830
6552
9336
407
828
3758
2146
3319
9743
1883
718
8397
8142
6281
1482
8785
5344
5423
2283
2240
3892
4602
9125
5096
9626
2591
2675
4145
4425
893
9749
9490
6618
6097
8522
7904
2996
9282
2758
7468
2873
1049
2272
8194
9033
5131
5816
710
8086
7412
257
7508
27
3898
1061
288
2069
350
5087
4626
8180
2798
4381
6740
8276
5470
8285
7645
1704
257
831
2333
1398
6600
9888
6382
5496
7711
4873
7126
6091
2937
2494
5964
6031
5658
3010
9934
2789
3327
7361
7843
5918
8012
4982
5557
523
7295
5286
8837
5683
470
1110
7661
9228
4319
2229
9308
6379
2441
9146
4798
8230
8719
6951
8322
1455
161
9075
652
5041
7584
6067
6389
7658
9631
5034
1771
9978
7688
408
6107
7457
2211
8561
3718
2883
5176
213
9002
8229
3418
2907
4832
8661
8027
6041
5112
7703
9427
124
2657
5420
187
4095
24
3838
587
870
87
7164
9042
4601
1922
7787
6049
7732
4296
5297
651
7572
996
9877
4078
8159
1305
8486
3927
7143
2273
826
5142
2350
79
4299
9186
6063
4392
8828
2677
7926
5544
5364
5036
5962
3946
2464
9866
420
8780
5567
7701
8143
5969
9238
9703
1245
2598
1156
1149
2847
169
8375
3301
4723
4572
1163
5336
6218
1536
2534
7485
9846
1943
2955
5025
1754
1397
5023
7672
8887
7894
9151
7252
4631
7822
1366
1794
1545
7486
4051
2087
1448
5588
1974
6660
202
1351
8556
145
3864
9592
6159
3177
1542
3781
7999
434
1679
6433
8206
5884
7500
8242
8866
8333
7595
1909
992
5043
820
9470
189
1666
5441
7404
3905
9079
4437
6726
8711
5227
4806
7580
7933
8429
2713
8935
702
8659
3887
7354
4053
289
6556
3627
5415
7681
4904
5089
4008
9473
31
4223
5653
6187
6941
9920
3941
6190
6044
4337
3181
3113
2831
6960
1530
2230
4092
7763
2494
2486
4671
4126
2205
8133
318
9008
8561
4169
4490
2148
9281
3531
7221
1695
8623
7701
3250
2923
2436
3110
2354
6804
4427
6997
427
6436
5986
9960
4424
1168
8040
175
5590
1668
2028
4586
7227
5617
2211
7995
2813
8161
2936
353
6485
9023
5078
2511
589
2951
5070
4004
9878
2182
5085
2690
8745
4018
1429
1229
3268
8673
5438
5147
5597
776
2525
9755
6439
8222
485
7754
3632
8318
394
6556
5794
7592
105
5847
9784
1595
9399
9671
3240
5772
1161
4747
6513
7420
6401
8056
2301
7964
1328
1228
4111
6586
3007
4128
5727
4598
600
9786
9980
9518
2977
4160
5327
6466
7362
4531
8865
1921
6554
2274
1773
3015
9125
7888
9486
9138
9429
8021
8296
9871
4768
7341
528
1702
4523
2976
7449
2354
9636
1030
9924
5798
4934
5139
9645
4645
2701
2184
1823
8597
6942
6931
439
4339
9721
9854
8887
9257
892
8894
7818
6882
1152
6534
3579
2529
3504
2552
5424
9166
3565
9716
3199
2166
1890
8320
9884
9107
5404
2730
1575
2996
5124
4318
4930
6660
7283
8518
6119
3314
5236
4293
5859
2576
7201
1332
1330
9197
5124
2550
2405
5277
4546
7426
1144
4577
6473
4194
5699
4498
5292
2213
1819
4240
26
9180
9716
6384
2087
5040
3293
6593
5939
7158
7565
6631
8224
1136
380
8571
8013
3409
9781
9885
2306
7706
2406
6032
3761
9525
7308
8934
4861
8644
1470
7029
7050
9987
7788
6091
1681
9818
6723
4850
8619
1125
5063
4004
9964
908
5438
7105
6020
2071
5429
1812
7831
5577
5599
1388
7166
2737
8302
1141
5675
5053
4888
8711
5295
8189
8669
3583
1142
8952
2412
6569
5368
9648
1041
6444
9831
2614
2059
2873
8047
5496
3604
8833
252
429
3713
2133
5088
265
8910
8101
9481
6267
7249
856
3732
530
5830
2693
685
139
8608
282
9194
2510
351
620
9844
8757
6805
1996
8403
8128
734
998
9616
6300
6244
4045
9456
5853
4648
6755
7674
1544
4897
5757
5197
6210
4494
7932
5546
2531
9972
4417
6969
2470
9056
7856
4112
4711
3389
1108
335
4103
6261
7661
4358
350
5615
715
9178
9848
2769
8009
6259
9243
5243
3378
4293
5671
372
1464
2617
2182
3905
4024
781
177
5200
5009
7592
7940
3724
917
2077
2762
7571
6061
3747
6288
2018
2805
1624
5709
237
3795
8962
3306
9215
3063
3056
283
285
3007
9901
428
9576
5676
2103
4638
6728
9022
3576
4383
3094
9142
6334
435
7750
611
7141
8198
8753
3177
5963
1284
7299
2696
943
6559
2760
8007
7859
2821
7710
6427
142
1995
6587
1426
3079
3620
3668
4289
4569
4832
9906
43
7252
8039
937
9965
9302
2014
184
7902
4695
6378
7550
4825
2518
7289
7054
3801
1695
8119
1914
4431
9464
6106
6393
9256
2731
4009
9895
2441
8680
7734
5686
3302
7297
3438
9690
3884
1293
4178
4962
9100
4535
902
8271
4632
7345
4747
6189
956
8902
3708
673
792
3527
875
5878
4039
8513
1178
4557
3142
2229
2513
6596
6172
6970
5246
3883
1314
2536
5249
2467
4317
686
1476
5589
2842
477
4363
9433
9316
9724
2213
283
5716
329
2829
3431
5741
1862
318
3576
4367
7633
9936
2421
4525
8477
5619
9625
4134
5404
4561
1783
7540
6621
8935
8067
3669
3852
5611
1504
2672
5170
1216
6092
3110
6652
8269
3229
9438
4193
5598
7068
6155
7970
4711
1565
3058
8116
7586
730
9908
2990
4845
4964
6689
7916
3669
8859
1896
9317
4210
9938
1331
1017
7928
2792
9433
3564
424
2439
6062
2457
7869
7874
3576
656
1708
361
748
5560
8512
7356
9366
7057
3885
40
9138
1270
7023
235
1670
3830
1940
9934
6383
1402
6925
1855
8134
7964
1032
1549
9787
1251
4589
3684
6917
9305
9018
4196
5130
1191
3950
1453
4854
4321
3613
6245
8066
8497
97
9653
6070
7231
7799
4674
1076
1808
5205
1432
2634
4806
6642
6187
9423
5774
777
305
2740
9287
8643
2718
7497
2503
2655
5521
2856
5267
7702
8206
7631
8165
1038
8881
9766
9577
4986
34
4766
3337
288
2797
3982
5807
1323
5912
7206
7277
6562
6921
3646
7161
8697
9481
5404
5223
519
6254
2728
9113
1512
7982
2788
1227
2744
6239
6456
634
1164
4012
901
6619
1783
1703
1343
8175
5691
2149
3616
3342
8927
236
8557
963
62
3796
7902
5508
2974
9712
4419
5965
7995
3068
526
276
2077
2767
6208
8818
85
4582
8524
4916
2636
671
5849
2040
2297
3810
9963
438
4066
4293
2331
7422
604
7258
7999
9817
8278
4277
8338
6448
4173
1766
4858
6337
2049
5460
2293
7797
6189
2573
1826
3060
3491
6432
835
6014
8938
3650
3755
775
2275
5237
7440
4801
4691
994
1922
9768
2072
2425
8029
2179
7123
3069
9183
9026
452
1397
5698
4168
7261
6897
5462
9537
1648
4501
1350
2353
8164
610
5755
2282
6037
204
4840
3420
1007
6261
4579
5447
4523
2010
37
3760
5781
6111
6749
1839
6916
593
1512
8744
3418
5412
7321
3766
3849
8977
2264
6807
4251
7847
1060
7388
3116
8745
2812
4729
18
2651
2696
7023
46
5083
107
1875
1134
4970
6105
3318
1329
804
6133
4179
4428
7357
3421
490
5104
7213
778
1322
9130
806
8972
5233
7972
8577
3616
7948
3683
3490
6381
9078
8722
178
302
1983
9339
7888
117
4417
9122
8725
7233
8524
577
4461
7856
7268
8328
1782
1023
4039
7908
3911
755
7835
1710
1590
8691
1768
8630
2310
6209
528
7206
3129
5177
9158
994
1829
4090
6781
9519
521
4139
5515
3333
1010
6445
1516
8008
4213
5474
5642
1676
5275
8716
7454
2816
1880
7532
1049
947
5091
1988
5166
2334
9595
6647
2866
3235
9900
6354
8476
8699
8366
137
9598
8916
5949
2471
9667
6764
8829
1726
8426
2098
6492
1453
5883
8650
9897
5210
7628
7628
5201
6984
5691
6304
2421
6293
6783
9190
447
8905
6399
8857
3044
6524
6941
1237
5013
5952
6212
4025
1877
4814
3228
9643
727
7201
5442
7807
6481
295
6005
9052
6703
1623
5787
349
4647
141
5231
4993
9152
646
6347
848
8479
2063
6162
3783
3819
9502
3704
8962
1914
7605
3914
4438
5540
3905
6888
4973
3008
2958
621
7120
6256
526
9072
3829
4669
548
6581
3201
3564
7683
3876
5971
3838
7203
7749
952
8042
5274
7226
2828
347
3018
254
6509
9812
8410
6364
7315
8892
1787
5519
7774
7517
3520
7889
5683
6770
7344
6464
2396
3168
2908
9136
3946
937
1818
9739
1291
7700
7823
8566
3727
3680
3085
9162
5308
4984
7695
4750
4592
318
7986
7779
5714
2483
1352
8347
4645
9355
8851
7798
3797
6470
9666
5775
9473
184
6906
6701
7947
5089
7247
9582
8907
6294
7048
3678
8679
7231
4254
2757
8377
9469
8251
3302
5742
5823
5463
5494
9492
475
1330
8180
5862
5682
6998
9417
5592
2141
4765
8795
4282
3232
8561
4535
9275
8211
3095
1473
9062
9817
2560
5344
1367
8788
8095
4168
7442
9002
7294
1787
6860
5611
2224
4829
6603
6780
3326
9147
8352
6526
1249
4147
8395
1480
3911
8061
9454
4939
2348
2128
2450
6752
761
1056
8078
7836
3105
2739
1843
5395
5354
6203
7224
7084
7034
6347
2471
2463
7297
3860
3174
6533
7894
1907
4416
8992
4003
5990
2729
6263
8326
3307
9984
3611
6282
7485
4679
1533
8726
8351
102
1830
6375
6471
2742
3441
4274
8742
5547
6388
1534
6855
2190
7947
3227
7574
772
6319
1909
8081
3727
7616
915
4092
421
630
2743
9864
5478
5957
5817
7953
9141
4545
1784
1528
8141
9110
7662
7297
7937
4793
9045
6199
3443
6351
2065
7004
3153
6075
9929
7009
3581
9906
7948
3629
2268
3104
597
1947
7400
6654
5133
7674
5043
8674
8814
4059
5506
4322
3975
2654
2396
7350
6699
3479
9043
6308
3328
1367
3027
8878
909
6065
5885
5406
5663
8467
1351
8502
3519
2156
221
1707
4055
7914
7947
4095
5578
7943
2388
6495
5417
2057
6152
7661
3405
787
370
3418
2624
551
9968
941
5947
1480
4389
1652
1395
218
3924
3348
2726
4642
6398
6850
2465
8346
6943
7546
6854
367
3190
8018
3061
416
6629
1759
5447
8761
2515
885
6171
6741
3703
2515
1096
8382
7695
2068
3928
930
8647
5524
2035
4762
7037
2224
2910
3974
2092
1775
8389
6086
1558
978
2206
7822
7498
2174
2469
6866
8941
9256
9823
278
8502
8352
4590
2357
9802
9516
4258
6524
9501
6300
8796
9199
2484
1371
1704
7064
5172
3
1616
5227
6501
7588
8033
8042
1178
1477
2100
3413
1387
5469
447
9379
1419
3689
4705
9376
2629
2435
773
2279
1090
7948
5532
7193
455
9101
1955
4942
9434
3429
1591
3176
8294
4572
2640
6830
3962
8405
3210
3679
526
5598
449
1140
7772
7093
4286
5172
8420
8813
1700
1795
7053
1711
7358
5800
4761
2668
4070
8249
5689
2838
713
1958
3957
3551
8940
1585
8757
6846
172
1787
5360
9961
2018
7934
8423
3705
8868
3117
2290
5874
766
2567
4191
6943
5400
364
1228
9199
8864
8151
1286
2979
9709
3553
963
1374
8365
8762
7421
2255
1215
5570
413
3798
7211
850
221
8300
8353
3881
2276
5074
8376
2961
9685
9713
2133
6159
7026
2031
267
1886
3491
1433
9272
227
8416
3717
6093
5135
2589
4605
5937
1697
782
37
6402
985
8645
6514
4911
3062
1857
2853
4954
6053
2801
8912
7316
2940
6899
515
1196
7546
1844
8525
7610
3057
4302
938
5666
8448
4809
1606
8372
2467
299
3084
6418
6700
5207
7553
1271
9023
3666
470
6021
9197
8021
3601
5261
2084
3653
586
1087
3545
7437
414
6644
4035
4977
2070
