4918
3561
3079
5352
5669
5192
3687
5616
5246
4473
5523
3057
3027
5802
5705
3203
4415
5908
5974
3163
5969
3011
4354
5813
5164
5086
4547
3095
3180
3340
4625
5606
5856
5265
3110
4321
3139
3441
4561
3283
3578
4249
4604
5267
5539
3214
4034
4202
4523
4430
4521
5489
3647
5530
3839
3600
3417
5808
5713
5934
4389
3295
5226
5613
3420
5499
3527
5996
5380
4666
3063
3414
4961
5813
3049
3848
5012
3821
4504
3308
5046
5610
3753
4521
4019
3686
5586
5354
4240
3511
4557
3082
5606
4843
3286
3251
3488
4862
5154
3794
3522
5581
5239
5894
4340
5088
3349
5516
3179
5532
3055
3503
4338
5995
4142
4218
3184
5495
4942
5775
3462
4374
4337
5812
4126
5805
3911
4215
4313
5839
5499
4674
5805
4231
3591
3009
4323
4450
5787
5641
3121
4809
3378
4095
3229
5725
3197
4245
5650
4700
4766
4228
5137
5668
4352
5511
3617
4466
4480
3200
5369
4103
3209
4746
4939
4858
3071
5734
4632
5786
5084
3125
5052
4499
5607
3961
4915
5590
3821
4007
5512
3816
5226
3966
4840
5548
3735
3287
3293
5143
4087
3626
4355
4091
5066
4260
5801
4465
5344
3159
3554
3515
5182
3752
5048
4736
5352
5922
5543
3326
5649
4150
4244
4154
4999
5953
4358
4183
3222
5076
3031
3296
3622
5197
4682
3261
4688
3280
5689
4340
4319
4616
4728
3237
4885
3567
3011
5250
5367
3881
5797
5540
5613
4190
3638
5370
5684
4977
3261
3857
5477
4518
4391
3714
5042
5084
3293
5999
4845
4050
3863
4523
3416
5566
3313
5215
3612
5099
3516
5927
5663
5792
3453
4978
5336
5023
3698
5981
4332
5327
5196
5026
5369
3085
3248
4499
3497
5833
4622
5024
5988
5987
3975
4913
3207
3412
3371
4192
3789
3528
4951
5172
5945
4333
3042
4363
3200
3078
4096
3760
4690
3305
4279
4264
5253
5070
3360
4052
3370
4763
3467
3624
4190
4037
5801
5533
4948
5019
3776
4436
3970
5961
3881
3404
4086
4491
4840
4006
3171
3420
5183
3092
4432
4527
4626
4986
4560
5648
5781
5729
5277
3744
4915
3887
4688
3436
5717
5847
4294
4122
3677
5002
5922
4028
4688
5827
5061
4661
3425
5727
4124
3555
4007
4567
4178
3204
3343
3929
4520
4401
3540
5109
3156
4629
5276
5222
3134
3823
5444
4664
4638
5884
4903
5254
5729
4103
5105
4011
4109
3625
5597
4952
3468
3312
5700
5009
4123
4828
4865
3411
5992
3334
4273
3003
4220
4048
4354
3959
4163
3874
4527
3592
5108
4644
3240
4372
3357
4180
4324
3113
3437
5244
3842
5829
5357
4438
5707
4431
5561
5378
3715
5605
3347
5244
4452
3363
5346
4340
3485
5527
3336
3985
3572
4908
4735
5214
4972
5209
5404
4884
4301
3627
3452
3995
5916
4083
5843
5319
4471
4900
3127
4017
3116
4557
4504
3762
5955
3323
3078
5710
3340
3778
3413
4027
4581
4177
4259
3166
5358
5865
4105
4396
4268
4674
5524
4171
3360
3767
4705
5163
3247
4542
4723
4716
5822
4675
3083
3867
3559
3269
4889
4439
3349
4094
5707
5076
4675
3858
4262
5663
4713
3954
4536
5076
5254
5066
3511
4526
5381
3544
5806
4921
5396
3034
4548
5140
4316
5327
3012
3604
3841
3162
3125
4563
3157
5029
5389
5897
5250
5468
4419
4456
5580
3724
4784
3538
5713
3063
3579
3796
5261
4886
5171
4402
5473
4663
3181
4434
3108
3790
5444
5887
5644
5398
4014
4214
4689
4974
3159
4600
5948
5350
5281
5518
4215
5402
4875
5681
5113
5012
5966
4028
5305
3476
5629
4215
4413
4518
3480
3430
5981
5602
3221
4712
5964
4432
4656
3077
5760
5497
3834
5309
3954
3435
4909
5229
5112
5083
3216
5015
5769
4421
5450
4523
3436
3557
4996
3328
5622
3727
3428
4977
4728
3902
3209
3275
3750
5981
5631
4877
4690
4899
3975
4586
3468
3971
4711
3923
5444
4691
3747
3200
5344
3443
5164
5004
4769
3030
5420
3205
4884
5336
4073
5630
5407
5488
4317
5032
5228
5829
4954
5997
4475
3386
4969
4466
3049
5311
5454
4446
5267
5549
4724
4080
3355
5429
5259
5809
3757
3820
3567
5097
5556
5587
3034
3419
5206
5382
4813
4403
5127
5658
4312
3454
3781
4065
4622
4932
3544
5752
4494
5509
5456
3548
5793
4926
4985
4227
4352
4834
4409
3902
3113
4874
3383
3474
4636
5124
4729
4973
4027
3896
4059
4012
5706
3830
4017
5488
5728
3930
4115
3659
5154
4257
3928
5071
4530
5777
4342
4971
4440
3374
4589
4139
4185
5816
5349
5488
5308
5394
3913
3880
3849
5146
4016
3691
5773
3414
5896
3258
4089
4147
3619
3702
3186
3774
3814
5873
3320
5197
5363
5864
4503
5146
4683
4785
5966
4798
5955
5567
5202
5023
5429
4947
3638
5708
4003
4401
4078
3071
5977
3953
3999
5687
3269
5580
3703
5550
5405
3631
4507
4755
3365
5988
3004
3366
5715
3871
4422
3849
5126
4278
5623
3131
3046
3842
5299
3074
3642
3852
3461
5676
3820
4842
3181
3061
4790
3482
4885
3775
3949
5264
4374
3255
3638
5958
3295
4214
3622
5271
5173
5119
5321
4263
4302
4862
3989
4449
3548
5923
5734
5708
5106
5038
3799
4101
4702
4891
3457
4526
3289
3012
4513
4704
3982
5605
4250
5658
5820
4551
3108
3855
5068
5684
5954
4180
4116
4265
4905
3386
4641
3978
5681
5263
3506
4947
3625
4385
3741
5011
4703
4644
4412
4687
4720
5050
3749
4991
5970
5026
3134
4751
3868
4403
4557
5858
4761
4469
5974
3391
4243
3163
3409
4148
5527
4960
5828
4203
5193
3159
3879
3055
5883
4196
5893
3662
4515
4765
4823
3857
4598
5391
4899
5414
3577
3931
5181
5946
4695
3906
3728
5411
5331
5563
3487
4155
3471
3254
5486
5157
5936
5008
5686
5277
4279
5211
4434
3850
4607
5246
5681
4146
4184
5839
3940
5629
5328
3951
3450
5282
5647
3224
4564
5001
3984
3834
3824
5296
5568
3708
4678
3935
5555
5215
5950
5371
3998
3726
5729
5461
4052
3717
3605
5530
3106
5729
5066
4097
4841
4770
4326
5705
5769
4615
4865
5613
5328
3178
4158
3338
5937
5668
5617
5759
3703
5829
5513
4416
3324
5781
4270
4748
5949
4876
3513
5063
5971
5453
3234
4413
5772
3436
4407
3138
3183
5929
3563
5971
4115
3333
3253
3291
3200
3137
5935
3039
5664
4105
3690
5960
4155
4772
4512
3528
5347
5182
4567
5473
3447
3810
5673
3634
5259
3152
4054
5321
3428
3021
5176
5954
3474
3522
4292
5314
4498
5965
5298
5079
5739
4624
5978
4784
3172
3631
5660
4703
3092
3012
3649
3789
4454
5299
5519
3232
4267
3619
3251
4653
4093
5779
3183
3700
4669
3317
5741
4906
3340
4231
5056
5123
3624
3702
3568
5720
5866
5925
5313
4636
4306
4056
3586
5409
5632
4481
4166
5692
3374
3598
3202
4201
5204
5777
3252
3665
4730
5418
5505
4541
4178
3804
5349
3798
4333
3702
4650
5864
3132
5009
5565
4338
4500
4531
3355
3183
3118
4711
3951
3652
4889
5455
3538
4427
4940
3651
3021
4332
3944
5124
4908
4269
5356
4317
5203
4121
4582
4919
4711
3088
5336
4641
5538
4212
5117
3019
5010
5783
5877
3373
5086
5466
5015
5045
3577
4298
3460
4465
4082
5663
5418
5797
5764
3929
4804
4673
3912
3175
3666
5966
5087
4247
4893
4992
5826
3781
4690
3696
3128
3056
4477
3650
5264
5424
5460
5770
4045
3626
5425
3632
5760
5753
4872
4983
4753
5966
5267
4670
3357
4033
5309
3347
4710
5881
5318
5900
5303
3360
5506
5464
4943
3281
5462
3970
5216
4326
3491
3451
3060
5149
3845
3593
3833
3638
3390
3005
4357
3921
3741
5410
3885
4424
3668
4675
4187
3264
3945
3623
4578
5874
5853
3609
5058
4389
3787
3447
3836
3963
4156
5780
4767
5340
3524
5823
4307
3780
5253
5809
4824
4238
3972
3957
4349
3164
4690
5665
4237
5406
4376
5075
3244
4387
5922
3220
4170
3554
3054
4648
4470
3864
5062
4146
4601
4483
5141
5837
4233
5449
5881
4219
3567
3390
4650
3846
3796
4339
3935
5144
3459
4333
3367
4806
5209
5450
3349
3542
4554
3790
4040
3205
3436
3094
3973
4112
4192
3780
3206
5917
4802
3669
4018
5687
3651
5401
5050
4214
5538
3916
5977
4640
4229
4685
4800
4385
4612
3764
4046
4390
4789
5082
3247
5948
5180
3045
4197
5912
3861
5482
3978
4881
5102
4433
4716
3937
4233
3902
3367
3789
5598
4255
5423
3900
5261
5122
4976
3905
4512
4448
4583
3168
3039
3682
5793
3269
3343
5868
3201
5434
4910
5939
4051
4785
3482
3801
3347
4622
3729
3908
4141
5622
3368
3860
3410
5251
3196
3663
5805
3841
5081
4446
4048
4568
4521
5262
3613
3824
3668
5587
3382
5904
5334
5717
5978
5755
3354
5614
5184
4136
5793
5315
4412
5308
3108
4257
5470
4501
5313
4092
3938
3687
3882
3325
4879
5585
4659
3208
5349
4161
3164
3004
5481
5440
3436
4224
3361
5474
4276
5010
3536
3761
4977
3293
4554
5547
4315
3743
5536
3412
5155
4520
4842
5296
3785
3409
4688
5634
4884
5113
4901
4629
4565
5144
3632
4616
4331
4137
5071
5308
5746
3501
4818
3171
3554
5437
3962
5723
4429
5613
4281
4072
3547
3209
4142
5634
3873
3060
5943
5042
5736
5377
5360
4786
3754
4520
5872
3706
5283
3924
4856
3258
4725
4119
3880
3902
4889
4918
5399
3370
3951
4532
5403
5328
4446
3720
5847
5303
4652
5966
4621
3890
4046
4854
4788
4506
3138
3138
3829
4421
3613
5738
4067
5330
4435
4581
5628
4912
5061
4218
4457
4687
3369
5427
5487
3132
3317
5247
5635
3346
5107
5434
3829
4350
4423
5920
3860
5832
4045
3003
5097
3002
3784
4433
4204
4354
5030
5666
5797
3381
4353
5082
5364
4423
5272
5977
3618
3910
4524
3531
3286
4634
5412
4590
3412
5601
4617
5715
5632
3667
4332
3129
3890
4421
3521
3848
5864
3071
3992
4312
5157
4577
4237
4834
3702
4756
5860
4445
5901
4122
3745
3189
5280
5468
4172
5816
4777
3729
3289
4461
3299
4808
5766
3161
3110
5565
4939
3429
3359
3711
4265
5680
5118
3664
3809
4569
3937
5229
3259
5982
5202
3557
5624
4976
4569
3491
5769
3465
4374
3133
4303
4955
3841
3734
4807
4527
4741
3572
4585
5731
3166
3795
4813
5578
5116
5714
3306
5084
5727
5264
5228
5127
4739
5973
4674
4111
4839
3189
5140
4588
3988
3012
5807
3068
3213
3706
3696
3895
5543
5342
3438
4276
3708
3183
4978
4614
5652
5014
3469
3355
4367
3575
4448
5047
3551
4234
5673
4867
4999
5653
3359
5134
3006
3234
5493
3817
3336
3257
5147
5693
3183
4967
3369
3645
4091
4654
5631
4987
3503
5238
3794
4062
3764
4478
5045
3001
3190
3579
3469
4136
4255
5063
4519
3357
4128
5720
5519
5718
5496
5168
4951
4965
4548
4147
5637
4007
3485
5591
3034
5346
5388
5916
5155
4168
3107
3670
5717
4359
4993
3797
4812
5374
4887
3174
5207
3605
4712
5369
3237
4920
5607
4775
4152
5954
4659
5355
5630
5141
4546
3629
4408
5195
5789
5526
3783
3895
5293
3600
5903
4896
5759
5641
4993
4946
3437
3578
4904
5369
4636
3673
5923
4101
5939
5819
3915
3015
4935
5149
3657
3042
5503
3789
5879
4305
3289
4292
3251
5056
5163
5503
3831
5113
3756
5095
3813
5120
3550
5187
3729
3975
5510
4695
4097
5181
3826
5577
4205
4913
5364
3779
3404
5017
3927
4902
3472
5076
3856
5200
3016
3778
3885
4543
4881
3652
4967
4772
3538
3181
4453
3771
5707
4483
3461
3978
5151
5700
5679
4980
4571
3126
3972
3848
5802
3109
3476
4647
4150
4198
5904
3238
5492
5688
3134
5441
5366
5741
5644
4111
5297
4965
4638
4568
5241
4321
3378
4561
4215
3515
5611
5888
3137
5470
3057
3071
3436
3626
5261
4952
3307
3278
3415
4108
5748
4548
4571
5785
3582
5839
5062
3048
3226
5913
5736
5466
4367
5471
5804
4329
5637
5513
5520
4838
5493
4610
4206
5496
3484
5727
5545
5149
4058
4061
3914
4265
4169
3521
4935
3178
3445
3339
4426
5687
4755
5432
4947
4603
3333
3838
4235
3266
3268
5632
4280
3604
3819
3721
5302
4476
3613
3423
5566
5753
4824
5715
3718
5795
5595
5405
5797
3434
4974
4525
3707
5999
3975
5426
3109
3443
3168
5663
3175
4119
4013
3080
4344
3891
3435
5735
4479
3189
4624
4662
4807
3215
4534
4814
3348
4119
5970
3142
4982
3202
5634
3701
5238
5915
3557
3944
3984
4631
5125
4590
3591
3786
3853
3159
4311
3232
5609
3409
5881
5522
4895
4417
4302
4431
3431
5944
4064
3488
5810
3611
4901
5917
5808
5528
5815
5230
4593
3066
3553
5196
3863
4303
5871
5087
5650
3830
4262
4063
4928
3270
4521
5088
4713
4982
5135
4494
4307
5152
5531
3392
3752
5951
5778
5936
5107
3150
4675
4447
4036
5718
4318
5363
3960
4260
3836
3931
3042
5763
3519
5638
4686
5942
4376
4245
4443
3909
3059
5313
3902
4375
4909
3267
5793
4173
4949
3172
4307
5815
3771
3495
4539
5875
4741
4788
5125
5761
3731
5355
4285
5182
5008
3081
5975
3320
3493
4443
4151
3175
4673
3011
4856
4272
4244
3233
5750
3671
3006
3361
4324
4468
4815
4493
5830
5669
4700
5608
5655
5316
3649
4318
3825
4274
4384
3359
3611
4634
3845
3169
4984
4792
3654
4049
4167
3473
3387
4090
3986
3068
4812
4975
3784
3552
3022
3336
4902
4796
3848
5074
4381
4870
5061
5360
4331
5938
4467
3536
4062
4806
3089
3594
3982
3982
5856
5326
3844
3065
4887
5850
3002
3139
5188
4990
3260
3231
4902
4332
3904
5533
5424
5637
5822
5131
3584
3540
3157
4387
3310
3716
3475
3936
4843
3538
5493
4931
4165
3956
3535
3803
4756
4585
4529
4796
4560
5614
3154
5852
3746
4675
3021
4115
5635
3288
5205
3197
4492
4837
4864
3748
3625
4945
3398
3688
3873
3220
4932
3349
5450
4448
5854
4710
3778
3373
4263
5255
4503
5008
3378
5251
3336
5658
5184
4478
3364
5876
4204
5250
4872
4130
5852
5219
4826
3180
3172
4688
3227
3204
3560
4375
3949
3701
5566
3300
5854
5280
3745
3780
5481
3278
4583
5691
5690
4828
4342
5254
4094
3103
3300
4920
4786
4969
4342
5486
5054
3686
3402
5071
3525
3638
4900
4643
5522
4225
3728
4105
4390
5525
5810
4607
5681
5960
4704
3927
5584
3071
5640
4811
5973
3227
4351
3510
5804
5612
4656
5707
5911
3432
4485
4513
4564
3683
5293
3116
4832
5989
5551
5385
4771
5512
5707
4008
3515
3371
5483
5213
5098
3427
6000
3164
4893
5122
3575
5708
5461
4724
4652
4409
4152
4233
4327
4103
5064
4271
3415
4577
5499
3033
3917
5591
5895
5720
3660
4295
4662
3354
3246
5931
4365
3721
4326
5469
5029
3105
3782
5457
3893
5594
5633
4658
5625
5302
4300
3040
3700
5353
4071
3078
3561
5091
5242
4030
3997
3669
3851
4678
3897
3443
5874
3677
3714
5238
3917
3476
3081
5323
5288
5447
5781
4821
3940
5432
5389
4142
3114
3477
4372
5927
4484
4381
4097
3994
5972
5726
3910
3650
4118
5444
4507
3186
4992
5974
4213
4176
5838
5902
5262
4479
5144
3777
5059
5907
4212
3177
5787
5975
3501
5977
5900
3898
3477
3265
3877
4127
4711
4923
5504
3567
3672
5440
5475
3892
5041
4110
5151
5918
3877
5904
5524
4801
4840
3746
5308
4805
3225
5108
5646
5924
3164
5404
4771
4229
3066
5362
3684
4647
4392
4383
4190
5584
5632
4861
5014
3853
5263
5750
5186
5180
4574
4882
5479
4216
3103
4267
3335
3713
5424
5935
5334
5866
5690
4648
5295
5981
5027
4988
3480
5981
5030
5612
3704
3474
3462
4001
3521
3055
4487
5658
3275
4711
4032
5161
3683
4087
3247
4832
5482
5037
3587
5928
4806
4903
4488
4730
5223
4280
5256
3899
4695
3488
5092
4827
3238
4711
4914
4259
4060
5324
4900
5617
3299
3936
3701
5857
3878
3325
3530
5894
5123
4107
3025
4954
3255
5810
4487
5789
3139
3384
4570
5037
3985
3545
5948
3435
3173
4708
4777
4615
3849
5834
5581
3622
3154
5365
3849
5086
5507
5103
4656
5252
3441
3696
4477
5935
5522
4625
3271
5330
5468
3671
5744
4037
5330
4892
5636
5196
3554
4156
3233
3859
5009
3614
3583
4069
4947
3747
5175
3771
4353
4771
4108
3328
4436
5026
3438
3699
5880
5116
4243
3713
3878
4953
4015
4724
5172
5732
3288
5183
5843
4202
5438
4497
3862
5710
3944
4446
4736
4299
5412
4121
4771
4942
3365
5121
4339
3171
5263
4805
4001
3241
3356
3367
3530
3154
4363
5596
4407
4534
3891
4310
5045
5529
3044
4810
5434
4441
3307
3342
3758
4357
5784
5311
5959
3907
3857
3663
3998
5527
4158
4737
3100
3691
3624
3034
5653
5368
5422
5868
5212
3980
4882
3821
3080
3438
3608
3552
3600
5502
3976
5870
3597
4926
4464
5951
5156
3145
3732
3272
3640
5599
4757
5857
4305
4816
5054
5663
4959
3910
4874
3244
4311
4979
3866
3706
3063
3530
4707
5963
4700
3161
5873
3853
5152
4769
3669
3944
3497
3610
3909
5688
3055
5103
5546
3727
4812
5856
3526
5683
4262
5855
4899
4137
3507
4082
3362
4431
4800
3714
4691
5927
3403
5101
3145
5189
5384
5741
3127
3113
3095
3829
5473
3862
4988
4412
3894
4635
5684
3822
3871
4928
5919
4409
4733
5836
3801
4938
5599
4557
5337
3384
5092
5719
4807
4987
4065
3606
5910
4900
3490
3955
4043
5022
4907
3045
4694
5771
5908
3245
5263
5270
5098
3807
5739
3866
4793
5212
4350
5549
5460
5202
3944
5304
3982
4187
3916
5999
3450
5466
4925
4556
3027
3079
3383
3949
5415
5735
3744
3973
5821
3275
3709
4897
4967
3775
4805
3640
4387
4140
4498
3914
3800
3405
5105
4251
4223
3426
4713
5007
5036
5065
4431
4734
3498
4760
3559
4161
3785
4978
3863
4578
3437
3972
5707
4628
3374
4615
5715
4037
4637
4371
3121
5326
5331
3014
3182
5093
4652
4315
4816
4722
5482
3586
3819
3346
3637
5628
3095
3680
4667
4620
5125
4607
3929
5964
4267
3996
4252
5500
3550
4160
4616
4962
5226
4644
3860
3179
3410
3079
3710
4754
5733
3809
5806
4642
5808
4888
4383
3236
3212
4764
3939
4631
5920
5608
5582
4737
3400
4120
4927
4896
3703
5870
5992
5786
3002
3028
4541
5180
3389
3379
3975
3583
5018
3605
5301
4298
3797
3684
4267
5319
3375
4856
5694
5576
3251
3931
4926
4584
5808
3134
4460
5855
4827
5969
3394
5690
5730
3407
5116
4090
4088
3122
5851
3179
4457
3411
3695
3957
3105
4997
4244
4051
5393
5778
4077
3943
3196
3053
4069
4598
5450
5006
4192
3300
3834
4036
3300
4282
4406
3795
3404
5171
5644
5964
3100
4419
3751
4050
4762
5278
3318
3385
3333
5630
3673
4199
4227
4627
5308
4428
4427
3562
3959
5950
5655
4830
3190
5522
4485
4770
3673
3781
5185
5996
3086
3774
5131
5762
5442
4362
5747
3934
3260
3646
3168
3392
3515
4821
5836
4613
4229
4379
5237
4546
5750
4571
5981
5595
4014
5994
5603
4881
3531
3055
3647
5816
3563
5547
5980
4826
3315
4775
5165
5547
3992
3407
3104
3770
3081
3037
4453
5194
3182
3419
3608
5494
3177
4815
3210
4908
4434
3538
5359
4452
3759
4748
4692
5062
3134
5292
5635
3025
4392
5499
5639
5820
4782
5361
4375
3757
5804
5046
3982
4327
4904
3560
3774
3497
3143
5510
5421
4385
4384
3214
5482
4603
4493
3566
4249
5858
5081
4718
4246
3947
4904
4119
5836
4134
5714
5313
3108
4226
4991
5029
5085
5975
5613
3912
3339
5740
4836
3427
5628
5321
4230
3623
3608
5549
5422
5867
3863
3705
3790
3768
5249
5672
4786
5673
3523
5972
3103
3190
3409
3720
3103
5510
5212
3370
4463
3026
3025
3233
5478
4743
5870
5568
3901
3621
5897
3315
4924
4014
3461
4057
4007
5962
4661
3548
5195
3592
5023
5315
4546
3637
3962
4753
4632
3484
5251
5788
3552
5357
5500
4774
3176
5012
3393
5468
5052
4225
3446
3144
3883
5023
3235
4834
3668
4388
4887
3232
3688
4408
3367
3546
4590
4606
5154
5317
5641
5507
3759
3428
4920
5505
3251
3781
5768
3448
4831
5484
5018
3907
4939
3501
3334
3626
4496
3184
5335
5894
3440
4729
5342
3478
5668
4589
4552
4673
4677
4743
4507
4492
4581
3205
4218
4123
4986
3573
4362
4016
4066
4708
4321
5418
5000
4742
5617
5084
5619
5121
5207
3974
3729
4513
4107
3669
4288
5862
5400
3881
5774
3948
4075
3092
3653
3039
4699
5074
4184
3341
4125
5978
5756
5794
4427
3925
5319
5440
5071
3696
3454
3952
5826
5173
5190
5236
3037
3365
5006
4660
4835
4287
4740
5467
4293
5734
5933
4061
5907
3760
5013
4629
4337
4662
5706
3667
5986
5219
3625
4746
3482
3400
3383
5389
5282
3699
3024
4015
4530
5352
4230
4835
4224
4310
3159
3664
3725
4185
5039
5500
3294
4291
5206
4066
3478
3980
4730
3101
5742
4005
4996
4084
5848
5208
4585
4367
5498
4483
4323
5315
3190
4058
5109
5970
5032
4237
4133
3689
5772
3169
4807
5248
3575
5901
4376
3851
3254
4243
4655
5327
4104
4216
4029
3503
4100
3709
4821
3386
5132
5389
4955
3384
5867
4791
5845
3989
5998
4819
5271
3388
5269
3813
4057
5718
3566
4041
5285
3363
5901
5509
4117
5202
5914
4529
5773
3042
5527
3762
3061
3532
3465
5618
5035
4878
3633
3904
3813
5598
3650
4809
5049
5747
3235
3853
3019
5983
4300
3238
5503
3060
3786
4300
3602
4848
3418
3008
3959
4179
3618
3128
5484
5934
5790
3453
4186
3212
5374
5347
5638
5975
5546
5433
5084
5472
4985
5514
5949
3634
4341
5223
3409
5875
3234
4303
5931
4892
3705
4434
4005
5386
3118
5701
3101
3544
3736
5876
5335
5829
4543
3891
4160
4608
5414
4591
3012
3201
3123
4090
3091
3566
3260
5606
5604
3612
4372
4446
5481
3164
3801
5836
3519
3739
4516
3860
5410
4696
4913
4924
3984
3134
3696
4905
4976
5857
4336
5764
5382
4928
5220
3871
5766
4108
3090
3020
3670
3969
5275
4669
3771
5561
5679
3743
4090
3035
4315
4571
5187
3582
3022
3818
4208
3142
4895
5810
5880
3281
5913
5198
3624
3458
5072
3258
5723
3733
5659
3816
5567
4221
5031
3352
4083
5828
4693
3029
5948
5485
4197
3700
5372
5554
3401
5276
5870
3409
3950
4727
3051
3015
3935
4326
5030
3891
5699
4925
4460
3596
3897
4936
4208
4477
5708
3854
4313
3917
3661
3981
3644
4748
3713
4628
5538
4580
5396
4541
5453
5852
4913
5689
5981
4262
4914
4413
5424
4665
3079
3727
5108
5285
5399
3113
4890
3363
3789
3067
5721
5734
5349
5551
5962
3477
4590
5407
5556
3593
5841
3601
5078
4587
4741
4373
3989
5245
4435
4590
4717
4942
4202
4376
5754
5974
4287
3534
5476
3356
5598
5304
4121
3295
4713
5139
3784
4817
5784
5388
3855
3652
5965
5674
4979
5301
4373
4107
3528
3477
3953
5323
5826
3333
4924
4653
5547
5214
4479
4745
5671
4254
5712
5998
3324
3407
3419
4321
4060
4423
5734
4992
4194
4378
5771
4438
4450
4151
4544
5970
4331
4738
4291
5374
3341
4105
4173
3241
3349
3618
3840
3810
3268
4443
3458
3301
4845
4540
3005
4449
5041
4657
5052
3335
4916
3222
3596
5075
5745
4540
3150
3014
4353
5526
4696
5025
4397
4144
5300
4739
4850
4934
3570
4823
5472
5106
5643
3115
5676
3814
4211
4332
5784
4372
3654
5420
3432
3309
5567
3000
5217
5680
3840
5098
4030
5828
5666
4259
5894
4298
5682
3415
5697
5980
5756
4513
5377
5888
4592
4922
4334
4699
5041
4122
3368
5655
3797
5039
3256
5652
4491
4890
3254
5013
4243
4077
5053
3498
3491
4881
5970
5586
5503
5706
4915
5865
5308
3405
4260
3943
4202
5480
5636
5048
5799
4007
4417
3933
4842
3150
4235
5880
3291
4294
4586
5951
4914
3133
3104
5018
4473
4443
4124
4383
5453
3437
5762
4628
4102
4919
4721
4401
3598
3587
4851
4898
3801
3829
5537
3311
4227
5741
3217
4041
5057
5636
5208
3008
3332
5409
4387
5126
3771
3814
3824
5880
5669
3265
5069
5612
3477
5042
4297
4414
4635
4939
5838
3902
3089
3067
5985
4621
5191
4213
5513
5970
3130
3455
3454
3910
3467
5125
4104
3352
4542
5628
5869
5026
3752
3025
3523
5997
3810
3239
3697
3055
3976
5636
3881
4173
5380
4406
5394
5382
3352
5881
5129
3854
4042
3167
4956
3560
3079
5163
4322
3052
3875
4576
4871
5139
5362
5257
5609
4792
4762
3885
4673
5491
5015
3972
5144
3609
3565
4522
5366
3090
4546
3588
3176
4299
3946
5834
5921
3848
5003
3768
5395
4453
5508
3796
4506
3510
3218
4882
3879
3108
4567
3436
4244
5520
3655
4186
3692
3449
5627
4687
3004
4811
5724
5277
5512
5420
4283
3292
5250
5378
4465
4241
3223
5843
3934
5787
4959
3619
3923
3105
4875
3198
3123
3843
3618
3721
3156
4086
4427
4347
4035
4992
5726
5449
4234
4223
4068
5315
4033
5491
5074
5745
3477
3349
5429
3393
4533
3062
5428
5451
3416
5363
4918
4021
3180
3094
4086
5872
3830
4504
4053
3934
4127
5232
5129
5329
3495
3143
5129
5536
4781
3889
3691
3445
3340
5997
5395
4554
5366
4181
5876
5649
3112
4394
4231
4981
3619
3419
3869
5087
5345
5191
4874
4177
3525
5385
4265
3558
5551
4820
5146
3358
3297
3641
5658
3990
3630
5273
4738
5385
5873
5720
3255
4498
4483
5133
5196
4210
5856
4566
4984
3482
4885
4264
3085
5327
5759
3339
5496
4228
3230
5479
4708
3029
5922
4564
5107
4351
5344
3608
5443
5595
5022
5722
4942
4416
4021
3432
3948
4645
5084
5099
4295
3356
5180
5208
4162
4664
3476
3402
4513
3845
5055
3894
4926
5146
5015
6000
3361
3185
5203
4391
3444
4748
5144
5127
5058
4120
5756
4776
3284
3644
5855
4749
5222
4988
3919
5788
4167
4272
5245
4879
3944
5364
3565
3369
5812
5541
3762
3943
4018
3376
4076
4787
5597
3301
5651
3854
3439
5757
3772
5034
4953
3174
4081
5267
3478
5667
3780
5904
3747
3079
4407
4934
4822
5887
3188
3486
3661
4237
4487
5911
5161
4509
4367
3672
4146
3676
4250
5060
3224
5412
4043
4871
5700
3944
5999
4361
3328
4877
3256
4194
5115
3304
4231
3741
4465
3724
3553
4342
5331
5142
4730
3938
3398
4458
3002
4539
3644
5068
3382
3833
3446
5015
3368
4095
5711
3537
5267
4058
3495
3338
5542
4569
3073
3223
4266
3668
4982
4428
5822
4030
5342
5915
3958
5047
5222
3302
4402
3575
5872
4295
5865
4512
4186
4570
3030
4259
3791
4256
4909
5884
3860
3952
3716
4606
3671
5115
5750
4207
3063
3807
4299
5134
5054
3628
5943
5676
5362
4022
4822
3948
3146
5839
3837
4810
4338
3045
3981
3127
3190
3928
5158
4833
3889
5596
5506
4871
4187
5779
5307
5280
4440
4155
5182
5809
5091
5936
4777
3675
3149
5797
3495
3698
5930
5916
3654
5470
3543
5784
5661
5203
4238
3889
4546
4276
4073
5092
5931
5203
5626
4523
3449
4064
4908
5263
4314
4253
5134
3580
4949
4275
4337
3283
5711
5724
3279
3101
4732
5279
3422
5199
4280
4629
3503
3725
5292
3681
5631
5540
4906
3408
3626
5982
5157
5260
4864
4030
4213
5164
5055
3558
4174
4123
3360
4599
3716
3920
3330
3141
4530
4914
4583
3678
5882
3456
5816
5325
5473
3162
4538
3935
3398
5500
3361
4559
4314
4052
5719
5109
3676
4658
3743
5466
4151
3336
3044
3339
5741
5872
5461
3279
3839
4362
4485
5365
4029
5419
3991
4814
5548
4738
5455
5693
4160
5634
3790
5540
5113
4308
5052
3030
5230
3645
4959
5279
3555
3899
5784
5196
5314
3952
4174
3635
5550
3434
3295
3002
3462
4888
4994
3307
3387
4227
4767
4877
5877
5644
4151
4689
3805
4127
5391
5870
3528
5986
5472
5920
5796
4524
5377
4248
5582
4790
3541
3212
4715
4885
4533
4845
3741
4815
4882
5229
3664
4489
4202
5218
3287
3064
4171
4862
4065
5541
4400
5022
3544
3659
3600
4422
4515
3538
4590
5297
3314
4673
5224
4089
4368
4590
3317
4604
5986
4869
5438
4801
4361
3178
4688
4447
5874
3638
3186
4361
3586
5752
5937
3346
5088
3112
4978
3460
5528
5921
3335
5708
5410
5214
4045
5891
5652
4255
5052
5701
5397
4123
5617
5085
4564
4295
5562
4414
5527
3031
4320
3951
4874
3058
5104
4075
3270
5338
4253
3347
3094
3143
3344
4466
3838
5954
4064
3765
3803
3842
4051
5231
5543
4673
3392
5203
5128
4953
5175
5108
4434
3041
4629
4459
3423
5163
5119
5609
3808
4986
5400
4834
4902
4129
4185
4906
3111
5419
5706
3267
3056
5188
5328
4453
4917
4544
4185
4674
4215
4819
4974
4641
5763
4846
4239
4391
4707
3452
3301
3581
5463
3901
4241
4724
5271
4012
5767
5634
3571
4314
4047
3400
3808
3679
4861
3795
4918
4502
5485
5494
4994
5453
4529
3272
3923
3617
4537
4413
3202
4355
3605
3132
5237
4973
4741
3694
5323
4660
3650
5578
3097
5539
4731
4277
3341
5670
3007
3534
3483
4293
3786
4279
3916
5542
4125
6000
3860
3912
3027
5795
3777
5969
3763
4392
3567
5727
3707
3255
5280
4774
5105
3831
3649
3228
4155
4814
4568
5110
5326
4060
4442
5274
3365
3476
5499
4203
3125
4486
5104
5412
5256
5521
5049
3210
3971
5362
4084
3351
3420
5973
5773
4255
5849
4095
3550
3827
5078
3487
3798
3135
4326
5382
4264
4758
4640
4950
5607
4776
3915
5064
5446
4262
3262
5387
5228
4164
4649
5973
5837
3079
4661
5219
4429
3050
5494
3536
5196
4313
4054
5664
4568
5810
3909
4443
4392
4289
4081
5288
3805
3935
3472
3503
3324
3928
5383
4010
5336
3437
5713
4251
4576
5574
5384
4422
4336
3598
3698
4960
3627
5687
5919
4045
4358
5395
4013
3739
3923
4694
3962
4636
3410
3954
3301
5352
5920
4651
5033
5904
4266
4329
5249
5114
6000
3183
4940
4898
3071
3268
5897
3323
3848
3930
5477
4622
5897
4067
3920
3445
3800
5433
3727
5464
4055
5706
4905
5072
3840
4717
4096
5340
4272
3617
5208
3897
3670
4748
3207
4017
3821
4653
5856
4959
4154
3160
4790
5197
4132
5571
3306
4602
3068
5576
4300
4046
5527
4405
4007
4493
5124
4556
5810
3002
3994
5800
3473
5875
3091
5633
5016
5688
5209
3980
3684
5677
5089
4443
5001
5730
5528
3393
3166
5634
4969
5600
3700
5365
3571
5285
3983
3361
5509
5959
4243
3026
4819
3913
3721
5310
4228
5873
4820
5834
4307
3166
4404
4654
4149
4837
5605
4006
4202
4435
5453
3312
4150
4883
5690
4161
4805
5631
5826
5834
3262
3594
4303
4148
3405
5862
5703
4199
3199
3582
5426
3730
3190
5935
3479
5543
3673
5355
4708
5452
3180
5655
5587
5154
3917
3793
3479
4367
5872
5643
4286
4667
4637
3368
4038
4627
5852
4367
3221
4320
4314
3575
3932
3630
5638
3587
4324
5355
4682
3170
4780
5269
4967
4576
4048
4458
5096
5204
4809
5087
5299
5035
4256
5278
3387
5854
4706
4583
4960
5310
5995
3927
4730
4352
5138
3636
4189
4777
3830
4930
5454
5468
3207
5268
5015
5481
3642
3429
4385
5423
5919
3863
3488
3921
4430
3612
4061
4370
3080
4036
4884
3351
4558
4210
3775
5301
5940
4857
3922
4369
5339
3094
4350
4250
3615
3396
5455
3874
5455
5027
3098
4697
5243
3235
4782
5825
3782
5225
3402
5662
4466
4586
5756
4795
5013
5834
3268
5216
3686
3403
4370
4771
5631
5322
5442
5418
4818
3952
4257
4885
5895
5409
4191
4605
5468
5349
4972
3922
3674
4015
3411
4697
5987
5262
5500
5333
3355
4817
4563
4918
5505
4283
5747
4331
3859
3101
5909
3872
4126
4813
5483
5741
4897
5803
4988
4411
5551
3612
4066
5878
3162
3843
4150
4226
3806
5215
4738
4445
5419
3852
5234
5957
5900
3598
3141
4468
4229
4914
4794
4952
4446
4202
3392
4443
4974
4898
5886
4690
5491
5112
3058
4459
5899
5681
4589
5666
4571
3938
4341
4533
3495
3157
5593
4802
3589
3939
4724
5712
5792
4170
4114
4191
5506
5517
3638
5890
3371
5319
5332
5697
4710
4704
3920
4111
4221
5534
5890
5635
3907
3891
4721
4518
5703
5496
3183
3928
3295
5422
5746
4733
4413
5052
3547
4702
5700
3285
4635
5984
5575
4166
3867
4269
4574
4256
5298
3663
3519
4823
3420
3236
4955
5922
5235
4733
5094
3899
3869
4272
5434
3097
3935
4313
3860
3390
5331
4968
4310
5342
3481
5266
3555
3138
5045
4257
4099
3625
4769
5188
5416
4713
3759
5749
5197
4652
5579
4949
3885
3376
5201
5318
5349
3941
3477
5793
4953
4345
5889
4353
3334
4082
3822
4029
3270
4119
5870
3570
4232
5131
4343
5381
4133
4346
3539
4940
3717
5244
5037
5454
4976
5076
4873
3600
3864
4852
3495
4765
4304
5563
4164
3627
4239
3121
5053
5979
5668
3263
5660
3804
3983
4514
3689
4358
3554
4810
5940
5801
4769
5699
3683
5445
5801
5857
4258
3893
4547
4223
5246
5922
3609
5022
4947
4525
3080
5693
3829
3264
4216
4786
5284
4408
4825
5334
3573
5695
5966
5232
4322
3751
4936
5134
5592
3737
4665
4108
5150
5373
5145
5607
4905
4501
3750
5823
4692
4725
5749
4157
5125
5488
5098
5283
4226
3670
4721
5669
3049
4924
5804
5324
3104
5400
5533
3216
4958
5000
4284
3965
4613
4081
5084
4185
5830
5691
4891
5570
5663
4073
5884
3467
4066
5814
3108
3102
5796
5619
3033
3739
5712
3669
5927
3986
3580
5701
4650
5721
5236
4424
5071
4474
5429
4772
5484
3094
5378
4646
5060
4050
4156
4969
4892
4448
5017
5691
3609
4336
4862
3251
5309
4424
5274
4760
3953
3283
3871
5719
3262
5000
4313
4762
5784
4574
5645
4230
5452
3908
3172
4061
5946
5170
5356
5438
3381
5270
5957
3981
4724
3455
5789
5623
4508
5056
5119
4309
4643
5493
5606
4616
3044
3634
4161
5479
4145
5529
3666
3948
3068
5555
5074
4343
5890
5150
4525
4300
4800
3771
4151
4520
5719
5698
5392
5673
4442
5595
5836
3389
5469
3660
4128
3829
5018
3658
3919
5992
3802
4543
3524
4580
4784
4496
5734
4506
3447
4217
5876
4271
3373
5278
4636
5354
3325
5691
4540
5041
4205
3745
4076
3457
4553
3670
3107
4786
4239
3776
5404
5798
5925
5888
4184
4414
3138
3268
4636
5586
4844
4315
5785
4174
3518
3623
5204
5603
5485
5591
4931
5149
3741
4353
4919
3492
5563
4511
4754
5779
4081
4542
5301
3720
5441
5943
4837
5445
5616
5396
3369
4326
3644
3830
4943
3566
3866
4873
5292
3446
5704
4123
3014
3187
3685
3578
3975
4000
4089
5753
5939
3346
4164
5981
4310
4842
3704
5673
3157
3414
5214
5264
5660
5029
5141
3249
3405
4670
3802
4456
5019
4543
4147
3717
5233
3536
4877
4813
5647
4600
5260
3898
3460
5429
4801
3306
5404
3820
3883
4087
5560
4295
3515
3656
3482
5337
4766
3715
4208
3234
5074
4341
3150
3498
5526
3676
5309
5876
3479
4052
5762
4996
5798
3190
4778
5112
5095
3789
5888
4411
5697
3640
5847
5588
3318
4998
5185
4340
4529
4032
5793
4226
4494
5772
5596
5361
5570
4990
3903
4940
4148
3341
4764
3854
5599
5732
4819
5504
4675
5322
4771
5468
3658
5003
3870
5391
5499
4380
4005
4827
4265
5493
5240
5383
3702
5416
3569
5007
4907
3524
5263
5290
3204
4347
3716
3511
3753
5015
3325
3337
4628
3114
5603
5799
3847
3765
5188
5023
4400
5680
3435
4173
4101
3589
3324
5927
4915
5038
3889
3561
4682
3751
5112
5702
5439
5549
4825
3638
5909
5632
5928
4284
3059
4519
5178
3697
5798
3264
4718
5559
4268
4585
3654
4801
3266
3709
4150
4344
3886
5821
3678
5083
5559
3622
4717
4786
4010
5631
5993
5007
4262
3141
3670
5293
3181
4146
5243
4808
5172
5458
5529
3966
3964
4611
4905
3346
5918
3680
3639
3888
3561
5182
3646
5897
3527
3997
4614
3883
4078
4482
3330
3050
3100
5002
5571
4172
3944
4988
4969
5638
5235
3327
4661
5749
5029
5398
3978
4330
3076
5986
3931
4424
3356
5035
4062
3439
3934
4100
5961
4002
5514
4336
4247
4382
4456
4501
3683
4998
4842
5156
3589
5958
3188
4139
4452
3767
4258
4748
3366
5173
3419
5302
4904
5256
5860
3995
3282
3550
4470
5294
5635
5300
3397
3098
4016
5980
5720
4520
4455
4210
3059
3778
5183
4598
5999
4979
3620
4897
3207
4714
4143
4701
4319
4002
3086
5759
5464
4806
5016
4146
3017
3791
5464
4720
5815
4488
4807
3616
4228
3568
5517
4624
5724
4542
5286
3641
5220
5508
5599
5780
3512
5091
5692
4763
3848
3296
3963
3243
5832
3856
4847
5479
5960
5541
3486
4277
3010
5551
4037
3656
5945
5932
5242
3521
5627
4632
4518
3185
4322
4767
5579
4814
4247
4410
5886
5217
4842
3202
5472
3352
5364
5712
5633
4254
4779
5173
3455
5175
4318
3060
4455
3030
4632
3931
4770
4481
3323
3274
5500
4185
5151
5884
5166
5994
5904
3264
3893
5838
5243
4467
4108
3945
5425
4382
3742
5904
3254
5473
5065
3907
3229
5727
5143
4327
3192
5195
3656
3703
3176
3460
4653
3248
3774
3188
3334
4483
4532
3894
5188
5261
4642
5999
4260
5323
4025
5288
5573
3202
3263
5729
3932
3807
4728
4413
3539
3394
3463
4169
5622
4145
4585
4603
4274
4391
5814
3272
5372
3131
5629
4694
5220
3029
5592
4622
5782
4096
3804
5210
4791
4180
3646
5972
5012
4366
5660
5315
3181
5872
3656
4916
4027
4458
5881
5488
3178
4465
4720
3030
4970
4842
3900
5563
5687
4073
5012
3056
4886
5523
3531
5563
4621
5853
4827
3211
5122
4066
5827
5215
3547
5286
3714
5380
4751
4264
3057
3556
3329
3811
5552
3544
3144
3667
3984
3125
5203
4262
4649
5032
4056
3490
3062
3401
4688
4187
3440
5316
3603
3063
3444
5428
5338
3853
3059
5098
3420
5297
4239
5012
4156
5954
4793
3421
5679
3299
5770
3213
3247
4049
4103
3370
4272
4280
5195
5106
4638
5114
5178
5657
3004
5778
4906
3184
4505
3053
3972
3880
3308
3024
4256
5415
3716
3377
5834
4477
4701
3572
4014
5923
3809
4752
4284
5606
3108
4154
4464
3493
3567
4947
3384
4805
3583
5553
4676
5387
4358
3039
3848
5871
4026
5990
5993
5256
3438
5130
5917
5517
3559
5007
4616
5126
5813
3401
5520
3007
5137
4104
5729
4251
4976
4409
3283
3746
3988
5617
4434
3932
4214
4624
4500
3638
4419
4232
4890
5403
5881
4862
4009
3378
3676
4865
4134
5088
4091
5957
5679
5994
4739
5353
3755
4052
4089
4281
3555
3856
5818
5275
3130
4029
3374
3765
3298
5376
5723
4355
4918
5672
4510
5870
5612
4811
3776
5605
4785
4534
3480
5563
4147
3291
4930
5744
5842
3236
4604
5505
5336
5948
5407
4922
5611
3777
5014
3142
4675
5342
3050
5690
3606
4634
4213
3239
4281
4990
3591
3203
5406
4637
5192
3240
3729
5019
5307
3397
5519
5209
4431
5413
5849
4184
3019
3923
4525
3138
3684
4515
3207
3975
4616
5079
5930
5892
3814
4529
5759
3106
3874
3682
4803
3827
4915
3979
5715
4860
3864
3036
4840
5801
5590
3446
4794
4453
3313
5364
5059
5254
4033
3531
4877
4637
4487
5161
5949
5977
3922
4725
3863
4432
4105
4468
4651
4692
3013
4990
3135
5824
3807
4188
5716
4410
5445
4715
5633
5925
5827
3941
5856
4233
5148
4232
4315
3071
5421
3770
3724
5723
3288
4953
4939
4355
5114
3659
5897
5897
4984
4598
5063
3347
4052
3188
5928
3282
4979
4163
4582
4849
4964
5135
4289
5464
4633
3018
5405
5992
5027
5415
3987
3129
5373
5080
5868
4669
4178
5203
3598
5715
4075
3583
4532
3503
3661
3680
3968
5808
5781
5036
4497
5803
5085
3106
5484
4099
3436
3147
5846
3251
3440
3372
4014
5745
4414
3638
3746
4806
4315
5406
3283
3496
3786
4579
3829
5792
5913
3748
5061
3063
5923
3760
5307
4454
3020
4000
4125
4150
3779
4285
5867
3236
5212
4665
4882
4826
5465
3573
3834
3454
4406
4469
5009
5774
5326
3779
3002
4243
5152
3095
4399
5819
3086
5291
4416
3799
3761
3962
4115
5883
4565
4400
3218
5394
3289
5534
3553
3364
3455
4204
5328
3032
5973
5982
5276
4094
3140
3993
5243
5591
5181
3749
4249
4769
4522
5064
3447
5113
3020
3303
5245
5303
3347
5347
5461
3167
4587
3696
5550
4505
5144
4952
5214
4261
4759
5935
4365
3361
3033
3931
4872
3797
3416
4639
5482
5305
4470
5010
5695
3365
5353
5796
4720
5765
4723
4023
5542
3178
5426
3058
4014
5156
5533
3849
4590
3946
4950
5135
5745
4551
3796
4986
3062
3456
5347
5108
3646
5336
5776
3071
6000
3351
3509
4514
3885
5791
5158
3690
4747
3851
3736
3512
3787
3442
3417
4022
5894
3994
3944
3234
3303
4437
3988
4708
4853
5918
5463
5284
3851
3443
3610
4196
4742
4404
4364
4975
5069
3759
4642
4816
5415
5813
5503
5226
5356
4504
4917
3324
4136
4448
3162
3349
4387
4657
4926
3640
3508
3135
4606
4284
5355
5603
4609
4602
3778
3910
5263
4119
4260
5996
3276
4863
4045
3722
3941
5467
4548
3711
3627
4402
3931
4362
3205
5002
4501
3276
3695
3637
5819
4844
4526
3620
5784
4106
5164
5517
3774
4420
5836
3962
5576
3696
3084
3479
5408
3424
4258
4374
4046
3952
5552
5682
4031
5444
4348
3215
3253
5178
5795
5822
4312
3680
5931
4710
5301
5900
4452
4700
5577
3314
5860
5363
4928
5254
3228
3684
5767
5901
5549
4429
3761
3489
4666
4893
4967
3981
4409
4627
3876
4462
4174
4252
3488
5396
5956
5160
3775
4596
5046
5821
4560
5206
3292
3124
5203
5945
3956
5255
5602
5883
3242
5630
4697
3657
5959
3426
3164
4517
4240
4536
4524
5692
4122
4913
5658
5820
3719
4161
5562
5455
5380
3050
5473
4220
3729
5229
3964
4067
5889
3515
4471
5229
5953
5942
3624
4106
5218
3832
4109
3791
3005
5418
5785
3835
3088
5223
4175
3309
5970
5561
4875
4658
5302
3515
4905
5385
4973
3703
4659
3288
4278
3720
5928
4717
4327
5430
3968
5108
4676
5194
3209
3233
3992
5263
5611
5612
5154
4900
3984
5319
3864
4215
4686
5631
5302
3776
5112
5317
5217
5266
3621
4340
4197
5199
4359
3422
3213
5095
3801
3524
4131
5784
5538
3294
5320
4862
3920
5498
4666
3153
4697
3264
4719
5140
5661
3225
3341
5119
3249
4840
3482
5004
5822
3950
3579
4695
5244
3854
3169
4872
3034
5330
4889
5455
5146
4217
5120
5435
4732
5162
5919
4025
4212
3906
4179
5041
5660
5028
3358
3892
5675
4726
5279
5298
3027
5454
5090
5841
3136
4489
5282
5930
3985
3071
4504
4738
4501
3975
5672
4060
3558
5076
3156
5244
5681
3421
5109
4686
5990
4734
4947
5871
3919
4357
4243
5337
5871
3248
4996
4346
5945
4508
5969
5365
4938
5278
5573
5465
4771
3899
3441
4114
4982
3256
5030
3002
4809
5355
3920
3555
3817
4238
5362
4170
4168
3346
5196
3435
4105
3959
4270
5807
5574
4719
3357
5905
4108
3652
4570
5952
4450
5438
4320
4773
3286
4820
4042
4465
5907
5593
3983
5738
3273
4511
3794
3995
5922
5190
5336
5346
3091
3191
5893
4186
5605
5100
4870
3890
4655
3973
5057
4262
4493
3225
5266
4815
3869
4103
4157
3253
5198
3526
4307
4567
3657
5580
5987
3808
3351
4134
3924
4226
5001
4479
3010
4240
5814
5601
4034
4261
3906
4071
5027
4189
5621
5761
3615
3001
3680
5342
4826
4983
3431
5272
4243
4742
3925
5801
5231
3549
3215
5785
3498
4000
4505
5490
5530
5861
4485
5540
4913
4090
4371
4753
4076
5410
4842
4006
5362
5489
4060
5933
4431
4251
5136
3171
5350
4187
4889
4766
3402
5722
5819
5751
5692
4390
3782
4038
3729
4148
5542
5206
3818
5907
5222
3583
3272
4465
4866
3605
4531
4066
3145
3715
3330
3849
4136
4336
3722
5384
3715
5996
5116
5300
5671
4498
3912
4926
5373
3590
5396
3451
3633
4336
5700
4140
5609
5329
3572
4289
5346
3798
5848
3202
5865
3023
5969
5839
4159
5230
5997
5823
3742
4102
3862
3417
3625
5793
5696
5362
4008
4867
4019
3950
5679
3114
3543
5411
3232
5575
5966
4281
5174
3057
4612
4548
3684
5755
3020
3404
4432
4930
5895
4926
4782
4746
4283
5768
4016
5803
3180
4870
5201
3799
4719
3346
5645
4030
5624
4288
3831
4723
4527
3440
5530
3749
4472
5356
5266
4950
3982
5074
4311
5193
5898
4124
4242
3124
4839
5340
3526
4457
4398
4549
5540
4531
5572
4002
5979
5382
4458
4330
4121
5132
3785
5460
4464
5213
4656
4069
5053
3339
3281
4171
3031
4992
3407
5055
4364
5542
5945
4089
5951
3638
5981
3186
5601
3034
4584
3420
4729
5092
3996
4019
3146
4881
5363
3848
4160
5022
3882
4282
5148
3239
3181
3093
4317
4303
5018
3692
5704
4055
3685
4580
5713
4365
4376
5856
4607
5815
4528
3295
5995
3288
5687
4918
3713
3705
3072
5477
3729
5427
3222
4602
4965
5280
4531
5569
4077
4508
3637
3118
4924
3968
3892
3464
3865
5245
4985
4860
4677
4540
4950
5429
4173
3612
5461
5560
3436
3980
4079
3251
5546
5173
4305
4160
5229
5034
4227
5302
3036
3866
4472
3590
5373
5104
3383
4234
4018
3138
4204
3032
3813
5083
4052
5850
4820
5141
5277
3665
3017
4616
4398
3990
3393
3113
3269
3873
5446
3309
3138
3939
4344
4656
5613
4426
3946
4194
3350
4117
4586
5202
3255
5463
3213
3481
3015
3795
3147
5088
3428
3638
3525
4209
4432
3347
4484
4139
3745
4584
4534
5555
5698
4121
5784
4769
5312
5794
3856
4918
5306
3201
5542
3590
3055
3778
3342
3844
3124
4257
5722
4465
4325
3132
5596
3308
4866
4280
4016
3908
5838
4062
4299
3766
5450
5669
4840
5886
5894
5190
3544
3804
5002
3952
4350
3440
5087
3423
4518
3069
3189
5060
3208
4689
5466
4732
3555
3605
5624
5914
4986
5118
5426
4261
5678
4630
3131
5919
4198
4894
3185
5957
3768
5949
4812
5479
5285
4024
3309
4403
3732
4506
4654
4656
5806
4365
5753
5662
4107
4178
3984
3828
5743
3177
5023
3115
4895
3526
3143
5478
4575
4305
3116
4830
5737
5611
4502
5436
5602
3777
3792
3093
3085
5164
5351
4292
3488
5040
5086
3621
4227
3680
4679
4878
4448
4869
5111
3353
5322
5890
4586
4374
3459
5640
3756
4302
4089
5432
5767
5399
3330
5909
5071
3390
3387
3689
3374
3170
4734
3011
5799
5671
3381
5927
5847
5621
3537
5450
5463
4464
3409
5940
5374
5842
3337
4774
4937
3120
4485
5115
4298
3694
4886
5513
4978
4730
4222
4381
4120
5377
5130
4001
5027
4450
3114
3621
3889
5332
3715
4785
3029
5097
3118
3889
4139
4439
3439
4507
4332
5463
5621
5043
4242
3689
4418
4730
5701
3974
5816
3837
4174
4553
3998
5362
5709
4359
5161
3916
4339
5459
5978
3825
3757
3219
4825
3879
3659
3587
4960
4180
4515
5429
4793
3150
5640
5710
4001
3308
3993
3775
3925
3424
4136
4016
5836
4903
3160
5870
4526
4756
3777
3645
4729
4794
4065
5704
5310
4458
3124
5730
3202
3661
3139
4522
4785
5608
3554
5999
5550
4188
4011
4528
3421
5686
4979
5314
4054
4145
4981
4518
5272
3758
3315
3442
5151
5555
3806
5011
4781
5096
4693
5180
5460
3863
5569
4054
3251
3133
4301
3845
3103
5584
4932
3155
5484
4114
5251
5201
4286
3978
3930
5219
3249
3003
5505
5590
4659
3915
3050
5285
4446
3133
5249
4444
3411
4425
3570
3865
5385
5271
4262
4253
5511
5609
4642
5267
3838
3812
4587
3136
3591
3249
4781
4691
4685
3370
3076
4223
4887
4588
3372
4086
5488
4615
5026
4949
3773
5583
5333
3020
3951
3552
5441
3838
4589
4698
5198
5907
5490
4279
4001
4539
3864
3473
3596
3700
3877
3787
4209
4086
4008
3376
4331
4511
3978
4217
3535
5663
4647
3463
3789
3889
3521
5158
4310
3654
4872
4295
5914
5075
4784
3023
4726
5177
4796
5884
3365
4839
5122
5161
4328
4649
4087
4158
3640
5622
3141
4330
4986
5075
3145
3674
4816
4429
5885
4702
5372
5279
3685
5478
4613
4390
5002
3861
4801
5648
5512
3166
4425
5783
4248
3789
5212
3751
5106
4931
5869
3362
4139
4815
5409
3375
4802
3960
5228
3102
5714
5894
3549
5019
3514
5324
5745
4210
4162
3655
3806
3007
4089
5872
3882
5480
3401
5384
5511
4211
4630
3624
5488
3957
4855
4685
5564
3103
5052
3316
3720
4666
5548
4299
4201
5686
4058
3309
5655
3547
4356
5884
5256
3433
5066
5079
3387
3142
3426
4081
5175
4322
3553
4397
4686
3027
4073
3860
4368
3359
4553
5793
3088
5341
5651
3553
5451
3340
3937
5736
4795
4556
5829
3166
5738
5795
3877
3318
4829
5188
3612
3233
5781
4113
3773
4574
5699
3723
4433
4304
3141
4393
5236
3284
3911
5413
5570
4127
3772
4174
4283
4228
3144
3798
5053
3267
5978
3273
4218
4929
4879
5066
4481
5621
4791
3360
4220
3866
4583
5065
4608
3368
5045
5501
4623
4857
3762
3702
3794
5724
3489
5542
3331
4829
4972
5845
3663
3468
4043
5325
5448
5917
5866
3127
3946
4883
5960
4528
4215
3059
3542
5891
4117
5824
4649
4836
3491
3999
3584
5714
3118
5560
5432
5652
3924
5195
3343
5385
3244
4559
4855
4058
4571
3693
4334
3047
4975
3665
5379
3837
3441
4250
3047
4220
3579
5347
3090
5625
3662
3355
3251
4319
3626
3294
5069
4377
4826
4713
4026
4642
3803
5695
4771
3748
5476
3034
4673
3094
5473
4240
5681
5729
5580
4411
5257
3718
3704
3793
4887
5726
5544
5100
3375
4220
4514
3928
5140
3178
3819
3621
4120
5821
3726
3376
4372
3079
3130
4920
5206
5649
5596
3719
3434
4220
3841
3107
5265
5445
4273
3760
5988
3628
5890
5884
5041
4939
3662
5857
3548
5350
4524
4202
4342
3968
3996
4929
3228
5063
3504
4940
3669
4048
4429
5034
5566
4097
3272
4859
4656
5842
4519
4046
4500
3167
4619
3379
3489
4198
3453
5979
3873
3208
3004
3984
3415
4795
3522
4649
5507
4090
3308
3670
3431
3187
5123
5346
4740
5200
4523
4613
5553
5550
5539
4676
3813
4987
5209
3504
5365
5089
5934
5266
4411
4736
5173
5847
4823
3014
5568
3292
5633
3323
4166
4822
3521
3199
3375
4612
3218
3543
5442
4707
5238
4999
3083
3915
3508
5073
5808
5777
5190
3265
4032
4198
4577
5422
3378
3292
5046
3487
4902
4396
4349
5027
3045
3775
4040
5537
3686
3922
4178
4041
5850
5047
3260
3633
4528
5383
5023
5506
4979
3463
3365
4805
5882
4006
4835
3582
3597
5451
3793
4450
4499
3910
4793
4939
3744
3192
4142
4520
5819
5863
5961
5419
4918
5367
5608
4779
3190
3270
5168
4257
5908
4616
5695
5765
5384
5436
4337
4542
3939
5169
4497
3620
3678
5611
4881
4727
4767
4304
3252
5409
5425
4542
4670
4221
4374
4036
3365
4382
4230
5532
4438
3353
3775
3066
5887
4844
3238
3973
3844
3149
3802
5016
5465
4872
4196
4197
4820
5716
5042
5728
3923
5266
4582
4266
4717
3915
5866
5214
3396
5296
3982
4921
5510
4322
3095
5893
3052
5739
3461
5540
3673
3268
5318
5249
4259
4535
3813
4319
4578
4603
5324
4622
3583
3565
3040
5440
4448
3807
4491
5433
3897
4669
3123
3040
5655
5239
4621
4480
3690
4468
3915
4798
5419
4340
3954
5103
4256
4476
5439
3171
3721
3285
5694
3149
3428
5270
5154
5503
5483
4208
5718
5510
4312
5852
4455
4320
5658
5672
3491
3306
3696
3476
5963
3220
4299
4691
4127
5819
4814
4571
3482
5881
4182
3627
5715
3556
3862
5927
3015
3355
4165
5132
5265
5565
4100
4946
5711
5373
5023
4315
4376
5073
4279
5107
4652
4519
5614
3691
3606
3510
4286
3266
4778
4260
4845
5286
3711
5672
5610
4168
4163
5896
3895
5652
5934
4785
4679
3459
4452
3076
5851
5320
5213
4228
5229
4824
3686
4669
3646
5555
3970
3532
3605
3065
5071
4766
4442
3468
4746
3864
3220
3699
5581
4232
4753
3626
3768
4893
5420
4651
4493
3716
3028
4980
5291
3440
5577
5348
5665
4315
5414
3722
4719
3819
5205
3426
5612
5605
5110
3821
3778
3754
5785
3605
4817
4454
4324
4515
3816
5371
5763
3298
4946
5811
5445
3619
4194
5974
4568
5114
3417
4934
4927
3677
4099
4562
5215
4256
4783
5459
3966
4969
4270
5828
5669
5936
3675
4852
5214
5815
4236
3460
5461
3611
3067
5246
5098
3288
4418
5705
3791
4930
3390
5787
4510
5697
4970
5418
5093
5900
5849
3681
3413
4545
5903
5980
5144
5936
3188
4508
5553
3923
3589
4642
3950
4702
4514
5888
5485
4124
3392
5196
3899
3476
3345
3732
3975
5554
4415
5423
3711
5403
3630
3351
4083
3058
3662
3462
5293
3083
3482
5775
3383
4910
3148
5919
4306
3788
5511
3736
4985
5060
5532
4094
3016
3126
3852
3666
3670
5828
4467
5055
5109
5813
3168
4008
3125
5945
5617
3219
4944
3601
5247
3874
3777
3537
5701
3213
4101
3622
5706
5033
4542
4886
3621
4486
5787
4066
3571
3387
4581
3783
4053
3048
4769
3628
5106
5364
3757
4377
3667
4506
3527
5716
3513
4202
3641
5226
4830
3926
5552
5700
3488
3532
4230
3934
3159
3609
4516
5011
4278
3953
3442
4432
4427
3239
4161
3145
5667
4369
5962
4165
5988
5888
3556
4236
3032
4728
4318
4620
5801
4450
4210
3425
4858
5319
5480
3144
5776
4226
3321
5996
5542
5673
3525
5265
4857
3313
5644
4381
3895
4221
4219
3003
4884
3703
4750
4257
5122
3199
4684
5519
5726
3154
5267
5894
4532
3330
3482
5399
5937
5401
3700
3644
5584
5901
3102
5955
5370
3667
4893
3240
4713
3409
5533
3602
4932
4094
3614
4511
5073
4132
4584
5680
5849
3257
5697
4339
3052
5263
3968
5690
4014
3146
4294
5709
4944
4772
4709
4728
4210
4390
4916
5191
3073
3237
4108
5714
5749
4786
4035
4308
4986
3274
5268
4500
4685
3799
4860
3691
3831
5708
5169
5518
5658
4075
3190
3985
3830
3338
5888
4445
3429
3402
3663
3238
3591
3726
4624
5007
3979
4549
4393
4940
4945
3778
4289
3498
4860
3616
5263
4835
3495
4103
3225
4680
4218
4588
3745
5686
3446
4203
3192
3704
5823
3892
5067
5434
3085
3167
3741
3551
5997
3711
4265
3276
4360
5910
5299
5142
4124
3758
4619
4941
5036
5508
3767
5788
5165
5295
5873
4845
4455
3612
5583
5916
4136
5084
5101
5527
4134
3066
4900
4120
3969
4542
5865
3112
5215
3285
3827
5391
3635
4476
3629
4791
5972
4007
4886
5077
4802
3675
5906
4619
5234
3453
3356
3412
4285
5993
5322
3638
4409
4505
3159
4864
5239
5219
4713
4772
5592
4762
5017
4483
3556
5102
3054
5586
3948
5233
3046
3769
4857
4904
5439
5048
5160
4078
5399
5990
5599
3391
3891
5210
4403
5552
3807
4065
4630
4815
3486
5146
4050
5079
5978
5167
5380
3975
3656
3033
3590
5705
5831
5120
4560
3894
4942
4175
4233
4556
4945
5285
4384
3500
3590
4713
3139
5092
4206
3654
4895
3754
3414
5111
5425
5855
4995
4201
4460
3349
3131
3357
5990
4357
5814
4964
3849
5478
5112
3025
4997
4523
5239
5993
5131
5371
4860
5093
3604
5736
5276
4100
5664
5690
5683
3318
4717
5918
4033
3490
3096
3949
5816
3891
3648
3263
5787
3435
4818
4365
5294
4890
3983
5112
4428
5576
3966
3133
5111
4358
3946
4980
5208
5719
3403
4635
5024
3751
5950
3277
3000
5750
3464
5739
5355
4770
5015
4031
5119
4194
3285
5909
3581
5225
5627
5112
4294
4877
4902
3729
4870
3453
3195
4082
4519
5482
5557
4766
5124
5503
5401
4951
5606
4902
5816
4680
5747
3231
3222
5194
5317
5596
4378
4038
4839
5917
3427
3916
4513
4692
3554
4590
5464
3664
4401
3174
4425
5489
4161
5664
3424
5351
4777
3084
3221
3689
3196
3967
5485
3621
4293
5767
4780
3352
4892
5031
3020
4886
3523
4153
5094
4877
3456
4699
3928
3033
3091
5820
5818
4704
5883
4166
5350
5158
3665
4055
5066
5503
3314
4467
3142
4402
3588
4967
5687
5685
3466
5444
4995
5901
3141
4231
3033
4166
5288
5064
5170
5292
5745
3781
5669
4824
4551
5513
4923
3316
3945
4229
5550
5861
4903
4783
5891
5631
4809
5869
4504
3092
4927
5947
3006
4366
5185
4516
4074
3912
3147
4223
4144
4571
5506
3332
3406
4940
5789
4862
3217
3766
4830
5330
3353
4920
3790
4172
5687
4300
5891
4356
5843
4711
3311
5348
5596
3976
4870
4081
5591
3659
5508
4789
3072
3699
5751
4875
4095
3775
3595
4826
4128
5168
3753
5180
5830
4059
4251
3288
5099
5836
4506
3398
3301
3112
4838
4598
4510
3390
5509
5600
5159
3858
5527
5062
4814
4123
4198
3073
4516
4699
3690
4072
4352
3823
5037
4655
4481
4520
3787
3461
5379
3808
3289
4921
5205
3491
3819
4734
5164
5671
4419
5834
3422
5591
3449
4343
5826
3168
5542
5673
5792
3641
4712
5007
3611
5500
4817
3019
3006
5295
4485
4976
3969
3854
5857
3014
3339
4959
5373
5721
4163
5435
5993
5581
5155
5160
5017
3994
5443
3500
5346
5378
5284
4775
4244
5166
3450
4498
5031
4080
5558
3077
4257
5155
3170
4878
4810
5476
4948
5566
3793
3281
5799
4450
4343
5501
4455
4080
3058
3165
4241
4451
4540
5976
3776
5277
3463
5430
4033
4943
4499
3586
5294
3983
4743
5978
5049
3701
3339
4212
3097
3198
3576
4878
5238
4350
5965
3724
5808
4397
5352
3149
4885
3550
4898
5275
4707
5526
5104
4818
3277
5200
5541
3529
5989
4005
4955
3563
4513
3140
5146
5375
5876
5948
3804
5192
3213
5998
3182
5213
4009
3955
5865
5536
5085
5275
3376
3997
3073
4482
5506
5970
4602
4571
3956
5079
5266
5062
4713
3279
3194
3544
3827
5454
5487
4716
5796
4085
5142
3161
4397
3051
5765
5114
5046
3202
4305
4162
5850
4740
4998
3439
5308
4821
3192
4946
3202
4351
5614
3226
3630
5039
4915
3579
3669
5212
5447
4470
4303
5351
4917
4360
3365
5493
3769
4014
5683
3805
4404
4984
4226
3719
4092
5259
5729
3554
5756
3376
5251
3247
4050
5025
4177
4878
5288
4237
3416
5428
3169
4656
4705
3923
3111
5831
5585
4087
5952
4245
3977
5572
3108
3407
4936
5794
3315
5773
3225
4818
4849
5700
5486
5117
3830
5518
5174
3289
5081
3388
5450
3947
3425
4766
4291
3862
4871
4656
4569
4916
3063
5474
4566
4903
5038
4000
4721
3055
4627
5900
4677
5386
5461
5827
5332
5784
4696
3712
4435
4047
3452
3518
3604
4050
5205
5151
4399
5143
5838
5677
3812
5015
5135
3326
4960
3038
4660
3125
5183
5893
5888
4335
3072
5802
3389
5807
5179
5077
4802
4694
3255
5150
5438
3196
4542
5137
4860
3225
5073
4526
3645
4763
4895
4847
5956
4027
4616
4744
3342
3396
5927
4406
4579
4330
4357
3051
3395
3784
3452
3715
3081
5384
5285
3522
5738
3991
3304
5097
3806
3876
5562
4555
5476
3320
4035
4720
3859
4628
4578
4395
3944
5329
3832
5668
4736
3127
4893
5772
3652
5903
4912
5098
4088
4982
4547
4729
3317
4557
3712
4736
3170
5411
3700
3371
4237
3735
5635
3249
3058
5342
4258
4673
4896
3520
5909
5604
4546
3259
3495
4298
3980
3814
5276
5350
3025
4141
3026
4863
4677
4850
3207
5966
3673
5167
5128
3703
4804
3327
5957
3020
3103
3179
3658
4303
5744
5259
4324
3302
3989
4202
5834
5311
5570
4219
3674
4325
3757
5125
4097
5811
3483
4032
4001
3634
4812
3325
3503
5530
5604
3272
3896
4862
4176
4178
4067
4314
3516
5229
4804
3594
4592
3215
5734
4733
5290
3389
5616
3013
